0.00000000
0.00000000
0.00000000
0.00888933
0.01264676
0.02156076
0.05561825
0.02784099
0.00000000
0.00000000
0.00000000
0.00000000
0.00261085
0.01853779
0.02558443
0.02396478
0.04333984
0.13356917
0.09280853
0.01744441
0.00205371
0.00000000
0.00000000
0.01855997
0.03189386
0.03481455
0.02776856
0.05837527
0.20650201
0.14785162
0.02823573
0.01321831
0.00000000
0.01003483
0.02865665
0.04053882
0.03984563
0.02785570
0.06790433
0.26555657
0.19287705
0.03221003
0.01815999
0.00954974
0.01717927
0.03459195
0.04616257
0.04371531
0.02861479
0.07466865
0.31099093
0.22735327
0.03437933
0.02047813
0.01632325
0.01978210
0.03719765
0.04931491
0.04654367
0.03035553
0.07874350
0.33684465
0.24811038
0.03815519
0.02227922
0.01894956
0.01724349
0.03519919
0.04763622
0.04483649
0.02779655
0.07317521
0.32402498
0.24227773
0.03817479
0.02139110
0.01662920
0.01001642
0.02889434
0.04184700
0.04089846
0.02711386
0.06730045
0.27795264
0.20693636
0.03438856
0.01831566
0.00964152
0.00000000
0.01861358
0.03234741
0.03500900
0.02716497
0.05836513
0.21259023
0.15297019
0.02792736
0.01281720
0.00000000
0.00000000
0.00258474
0.01855008
0.02536908
0.02343362
0.04326461
0.13590543
0.09442636
0.01678896
0.00195889
0.00000000
0.00000000
0.00000000
0.00000000
0.00907844
0.01285483
0.02181049
0.05640306
0.02819773
0.00000000
0.00000000
0.00000000
0.00000000
0.00000000
0.00000000
0.01019431
0.01634639
0.02836049
0.05192468
0.02449871
0.00000000
0.00000000
0.00000000
0.00000000
0.00300581
0.02099558
0.02888997
0.03186777
0.05918567
0.12655516
0.08070102
0.01990955
0.00257915
0.00000000
0.00000000
0.02131030
0.03554623
0.03819541
0.03736153
0.08348446
0.19627146
0.12733780
0.03118962
0.01678608
0.00000000
0.01149797
0.03256775
0.04448324
0.04196326
0.03717869
0.10109816
0.25750798
0.16088299
0.03416006
0.02322139
0.01161117
0.01989711
0.04015115
0.05123692
0.04622017
0.03949085
0.11794842
0.31091809
0.19064777
0.03650239
0.02678670
0.02016527
0.02331905
0.04427930
0.05647909
0.05159382
0.04576438
0.13527510
0.35352963
0.21666771
0.04286651
0.03038236
0.02390530
0.02029831
0.04175973
0.05438024
0.04930646
0.04196565
0.12756224
0.34084648
0.21271312
0.04276371
0.02909487
0.02099098
0.01159673
0.03351372
0.04676931
0.04369887
0.03824250
0.10859787
0.27993378
0.17770062
0.03709232
0.02396600
0.01190004
0.00000000
0.02146858
0.03602759
0.03779012
0.03669825
0.08607989
0.20521504
0.12994947
0.03012627
0.01620662
0.00000000
0.00000000
0.00298656
0.02098606
0.02829896
0.03101934
0.05973945
0.12920775
0.08131445
0.01873427
0.00246866
0.00000000
0.00000000
0.00000000
0.00000000
0.01042077
0.01663868
0.02888227
0.05302469
0.02480801
0.00000000
0.00000000
0.00000000
0.00000000
0.00000000
0.00000000
0.01164735
0.02140939
0.03645172
0.04496381
0.01955780
0.00000000
0.00000000
0.00000000
0.00000000
0.00343494
0.02355264
0.03257619
0.04364614
0.07936464
0.11029327
0.06259518
0.02277319
0.00321533
0.00000000
0.00000000
0.02440859
0.03910564
0.04183467
0.05235576
0.11675547
0.16930491
0.09613659
0.03520072
0.02161410
0.00000000
0.01301976
0.03700622
0.04746806
0.04307120
0.05253768
0.14280868
0.22489288
0.11534653
0.03717686
0.03007685
0.01370361
0.02278451
0.04625717
0.05461020
0.04680798
0.05699261
0.18028168
0.28240660
0.13281871
0.03950418
0.03554026
0.02410778
0.02728843
0.05277056
0.06319594
0.05680187
0.07368781
0.22680697
0.34588721
0.16347240
0.04969211
0.04236508
0.02916961
0.02426080
0.05082652
0.06237911
0.05634914
0.07275727
0.22629386
0.34377196
0.16614024
0.05126149
0.04164694
0.02622483
0.01351266
0.04003675
0.05222205
0.04768669
0.06139364
0.17795855
0.26820058
0.13296670
0.04215354
0.03259289
0.01445337
0.00000000
0.02476905
0.03934374
0.04020669
0.05242426
0.12628463
0.18235658
0.09734907
0.03257708
0.02085880
0.00000000
0.00000000
0.00342685
0.02336298
0.03113218
0.04228310
0.08150505
0.11337513
0.06109240
0.02070486
0.00309092
0.00000000
0.00000000
0.00000000
0.00000000
0.01194168
0.02190472
0.03778523
0.04641927
0.01967992
0.00000000
0.00000000
0.00000000
0.00000000
0.00000000
0.00000000
0.01245060
0.02470003
0.04008457
0.03819054
0.01619262
0.00000000
0.00000000
0.00000000
0.00000000
0.00363640
0.02467002
0.03512122
0.05207136
0.08855048
0.09203817
0.05155398
0.02426817
0.00356169
0.00000000
0.00000000
0.02595137
0.04042890
0.04462005
0.06434322
0.13095093
0.13672774
0.07281908
0.03784705
0.02473388
0.00000000
0.01362752
0.03872099
0.04722016
0.04352779
0.06546763
0.16123120
0.17531453
0.08084538
0.03942279
0.03478097
0.01443124
0.02383671
0.04820885
0.05302542
0.04530491
0.07215928
0.20758949
0.22692700
0.09120242
0.04091637
0.04147575
0.02532123
0.02929956
0.05732069
0.06611971
0.06196808
0.10229080
0.27783275
0.29927579
0.12160820
0.05521761
0.05164234
0.03123845
0.02781136
0.05971047
0.07376995
0.07374058
0.11991885
0.31013829
0.33164421
0.14161538
0.06546830
0.05498536
0.02982835
0.01517494
0.04693349
0.05906428
0.05891697
0.09806328
0.24398203
0.25481209
0.11015689
0.05137610
0.04246097
0.01622241
0.00000000
0.02669975
0.04070045
0.04243414
0.06673450
0.14666739
0.15278867
0.07140417
0.03422323
0.02416961
0.00000000
0.00000000
0.00363439
0.02414394
0.03243693
0.04948718
0.09098121
0.09315618
0.04725920
0.02126452
0.00342689
0.00000000
0.00000000
0.00000000
0.00000000
0.01279158
0.02529274
0.04215879
0.03982848
0.01613831
0.00000000
0.00000000
0.00000000
0.00000000
0.00000000
0.00000000
0.01297070
0.02612488
0.03782635
0.03124553
0.01445953
0.00000000
0.00000000
0.00000000
0.00000000
0.00368518
0.02491377
0.03691002
0.05578659
0.08259001
0.07248861
0.04419797
0.02496642
0.00368981
0.00000000
0.00000000
0.02613511
0.04049632
0.04770637
0.07216910
0.12196943
0.10611977
0.05999725
0.03999381
0.02612747
0.00000000
0.01357032
0.03789213
0.04531146
0.04515070
0.07369729
0.14259870
0.12328689
0.06021624
0.04195731
0.03700327
0.01427557
0.02337144
0.04602681
0.04842675
0.04395792
0.07961895
0.17923588
0.14679024
0.06173325
0.04241391
0.04381848
0.02460650
0.03059385
0.05976719
0.06842132
0.07157174
0.12734580
0.26956484
0.23330043
0.10193932
0.06394161
0.05863190
0.03212772
0.03341860
0.07518778
0.09904058
0.11592419
0.20079128
0.37393978
0.31995595
0.15768841
0.09794246
0.07483075
0.03533829
0.01813125
0.05755459
0.07684519
0.09133838
0.15402931
0.28103226
0.24616742
0.11967774
0.07411369
0.05670166
0.01901924
0.00000000
0.02774956
0.04182155
0.04689623
0.07798786
0.14027943
0.11961851
0.05779000
0.03724546
0.02643671
0.00000000
0.00000000
0.00366608
0.02365476
0.03225323
0.05042089
0.08120347
0.06846961
0.03663903
0.02116377
0.00352082
0.00000000
0.00000000
0.00000000
0.00000000
0.01327388
0.02667850
0.03994521
0.03255305
0.01437462
0.00000000
0.00000000
0.00000000
0.00000000
0.00000000
0.00000000
0.01240839
0.02439236
0.03122047
0.02518793
0.01273468
0.00000000
0.00000000
0.00000000
0.00000000
0.00338433
0.02302179
0.03537254
0.05187416
0.06547195
0.05436397
0.03724378
0.02340394
0.00342087
0.00000000
0.00000000
0.02361660
0.03722211
0.04678446
0.06873637
0.09394094
0.07417831
0.05069854
0.03847578
0.02421211
0.00000000
0.01210381
0.03294000
0.03972105
0.04339631
0.06900472
0.10353132
0.07629364
0.04736641
0.04060364
0.03396747
0.01255986
0.02036808
0.03825288
0.03936046
0.03864770
0.06939093
0.11592008
0.07887306
0.04203240
0.03953556
0.03941479
0.02117018
0.02995535
0.05804393
0.06866738
0.07961918
0.13286449
0.21084926
0.15231334
0.08905938
0.07096636
0.06029321
0.03087958
0.04114134
0.09536928
0.13574718
0.17915006
0.27776301
0.39172512
0.31151551
0.20039313
0.14175197
0.09923191
0.04237727
0.02172661
0.06923398
0.10391309
0.13739677
0.21646369
0.29354766
0.23967086
0.14988774
0.10744832
0.07122320
0.02226388
0.00000000
0.02628084
0.04023592
0.04865068
0.07682080
0.10968629
0.08209736
0.04936393
0.03860044
0.02593615
0.00000000
0.00000000
0.00325112
0.02031993
0.02825267
0.04252017
0.05767850
0.04428666
0.02751498
0.01892899
0.00315067
0.00000000
0.00000000
0.00000000
0.00000000
0.01256362
0.02477580
0.03253844
0.02564350
0.01264139
0.00000000
0.00000000
0.00000000
0.00000000
0.00000000
0.00000000
0.01155423
0.02221688
0.02674910
0.02128449
0.01146221
0.00000000
0.00000000
0.00000000
0.00000000
0.00304991
0.02100059
0.03301518
0.04691133
0.05397077
0.04422958
0.03284596
0.02141752
0.00308809
0.00000000
0.00000000
0.02100348
0.03384057
0.04417540
0.06264509
0.07451016
0.05790988
0.04470806
0.03553240
0.02167275
0.00000000
0.01060090
0.02852095
0.03483825
0.04059715
0.06203147
0.07750352
0.05446662
0.04072436
0.03739480
0.02991397
0.01081290
0.01754292
0.03164458
0.03238538
0.03390179
0.05835046
0.07726691
0.04655371
0.03219324
0.03507631
0.03374989
0.01793562
0.02850396
0.05500880
0.06758122
0.08236749
0.12621492
0.15885989
0.10931356
0.08048495
0.07170128
0.05815080
0.02893479
0.04563105
0.10737796
0.15973218
0.22049978
0.31748042
0.37793061
0.29997855
0.22397329
0.16755489
0.11243393
0.04624311
0.02370929
0.07700296
0.12105078
0.16646439
0.24621950
0.28661153
0.23273025
0.16956392
0.12673150
0.08019569
0.02397136
0.00000000
0.02411635
0.03768450
0.04758066
0.07117944
0.08589642
0.06176269
0.04489085
0.03805307
0.02433169
0.00000000
0.00000000
0.00278814
0.01712631
0.02425330
0.03549469
0.04230018
0.03107117
0.02248821
0.01672887
0.00273669
0.00000000
0.00000000
0.00000000
0.00000000
0.01156106
0.02241697
0.02726063
0.02117825
0.01133448
0.00000000
0.00000000
0.00000000
0.00000000
0.00000000
0.00000000
0.01143682
0.01742550
0.02563710
0.04924254
0.02696548
0.00000000
0.00000000
0.00000000
0.00000000
0.00319399
0.02281672
0.03235250
0.03325104
0.05016194
0.11838110
0.09026542
0.02482363
0.00279490
0.00000000
0.00000000
0.02263429
0.03869238
0.04380839
0.03836400
0.06469659
0.17965631
0.14591768
0.04176328
0.01781627
0.00000000
0.01229369
0.03501509
0.04930538
0.05073061
0.04002874
0.07614939
0.24095222
0.20093878
0.05134541
0.02470553
0.01185082
0.02162089
0.04381202
0.05808891
0.05905130
0.04637513
0.09083752
0.29389995
0.25546446
0.06216976
0.02986021
0.02078046
0.02494164
0.04730119
0.06230563
0.06348102
0.04936887
0.09516932
0.32200921
0.28306857
0.07145134
0.03325325
0.02414055
0.02124749
0.04320687
0.05767519
0.05753133
0.03998734
0.07778911
0.28995705
0.26265171
0.06557121
0.02980972
0.02051544
0.01213845
0.03467242
0.04978485
0.05108570
0.03720051
0.06905297
0.24387936
0.21367484
0.05508548
0.02479981
0.01174711
0.00000000
0.02257465
0.03903449
0.04451755
0.03822564
0.06357971
0.18199444
0.15153819
0.04323849
0.01763509
0.00000000
0.00000000
0.00316003
0.02281285
0.03243342
0.03323833
0.04994567
0.11970108
0.09254049
0.02500923
0.00271775
0.00000000
0.00000000
0.00000000
0.00000000
0.01164974
0.01775706
0.02574886
0.04956873
0.02731317
0.00000000
0.00000000
0.00000000
0.00000000
0.00000000
0.00000000
0.01275827
0.02113627
0.03095347
0.04670563
0.02419118
0.00000000
0.00000000
0.00000000
0.00000000
0.00354354
0.02514184
0.03587074
0.04158385
0.06269788
0.11230101
0.07917447
0.02629303
0.00326445
0.00000000
0.00000000
0.02495618
0.04155638
0.04643298
0.04745433
0.08463716
0.16764466
0.12530752
0.04208670
0.02099866
0.00000000
0.01349038
0.03848070
0.05194373
0.05163037
0.04920793
0.10330806
0.22667651
0.16314289
0.04910664
0.02890832
0.01343496
0.02451077
0.05022630
0.06345427
0.06339761
0.06302146
0.13690618
0.29602340
0.21874960
0.06174589
0.03705365
0.02442685
0.02889180
0.05622387
0.07323357
0.07510815
0.07689475
0.16357583
0.34940147
0.25436798
0.07765627
0.04455279
0.02926971
0.02422793
0.04986956
0.06360426
0.06197228
0.05657759
0.12689885
0.30237710
0.23336017
0.06817476
0.03855837
0.02458589
0.01340181
0.03858426
0.05290173
0.05187464
0.04629136
0.09987006
0.23757118
0.17847279
0.05424364
0.02987367
0.01351811
0.00000000
0.02498638
0.04188458
0.04655537
0.04676153
0.08448263
0.17201212
0.12726662
0.04355064
0.02088433
0.00000000
0.00000000
0.00351494
0.02508239
0.03552765
0.04099827
0.06251355
0.11385258
0.08062499
0.02626945
0.00319596
0.00000000
0.00000000
0.00000000
0.00000000
0.01293992
0.02134604
0.03103716
0.04717433
0.02447644
0.00000000
0.00000000
0.00000000
0.00000000
0.00000000
0.00000000
0.01403889
0.02587933
0.03810446
0.04174342
0.01993461
0.00000000
0.00000000
0.00000000
0.00000000
0.00387755
0.02738007
0.03977489
0.05310098
0.08122842
0.09982135
0.06265335
0.02763338
0.00377310
0.00000000
0.00000000
0.02745273
0.04412535
0.04886414
0.06109578
0.11299086
0.14359094
0.09244223
0.04240571
0.02515590
0.00000000
0.01463453
0.04212586
0.05303958
0.05079569
0.06367003
0.13884465
0.19225594
0.11249642
0.04622648
0.03475074
0.01496281
0.02743094
0.05655393
0.06695703
0.06538218
0.08910663
0.20504506
0.27160841
0.15014079
0.05884821
0.04626386
0.02800241
0.03293884
0.06552763
0.08357076
0.08690300
0.11939889
0.26283413
0.35013282
0.20012906
0.08112454
0.05800297
0.03441526
0.02777305
0.05793453
0.07096839
0.06845536
0.09013203
0.21815945
0.29944253
0.17510732
0.07066787
0.05112309
0.02911335
0.01478647
0.04370072
0.05540884
0.05231555
0.06508888
0.15163411
0.21853019
0.12637325
0.05318903
0.03772704
0.01536825
0.00000000
0.02762949
0.04421604
0.04788310
0.06036022
0.11683827
0.15088782
0.09617776
0.04324292
0.02509690
0.00000000
0.00000000
0.00386227
0.02722389
0.03873088
0.05202577
0.08162139
0.10112614
0.06235963
0.02709558
0.00371746
0.00000000
0.00000000
0.00000000
0.00000000
0.01419039
0.02605207
0.03854041
0.04237695
0.02007143
0.00000000
0.00000000
0.00000000
0.00000000
0.00000000
0.00000000
0.01437439
0.02878601
0.04222542
0.03677782
0.01679985
0.00000000
0.00000000
0.00000000
0.00000000
0.00401985
0.02780497
0.04152245
0.06052789
0.09256765
0.08668793
0.05277843
0.02780016
0.00396854
0.00000000
0.00000000
0.02843262
0.04424030
0.05014568
0.07451037
0.12937434
0.12292671
0.06944539
0.04237160
0.02753185
0.00000000
0.01494753
0.04296950
0.05081442
0.04926702
0.07966198
0.16354033
0.15193507
0.07571639
0.04430317
0.03872849
0.01530715
0.02789511
0.05681667
0.06187255
0.06069618
0.10843199
0.24016839
0.22049375
0.09835569
0.05307382
0.05019243
0.02843205
0.03443494
0.06835445
0.08194456
0.08809503
0.15123668
0.32356083
0.29983577
0.13876989
0.07540612
0.06252308
0.03566014
0.02981199
0.06328288
0.07623613
0.07922552
0.13378747
0.29628310
0.28047752
0.13417937
0.07381944
0.05994133
0.03102339
0.01585484
0.04825409
0.05804306
0.05833192
0.09835812
0.21187483
0.20176639
0.09895200
0.05547594
0.04532126
0.01658072
0.00000000
0.02889810
0.04445083
0.04890075
0.07616276
0.13805020
0.12933458
0.07126832
0.04244468
0.02765716
0.00000000
0.00000000
0.00402237
0.02754544
0.03975098
0.05893777
0.09357001
0.08688437
0.05072984
0.02664673
0.00390408
0.00000000
0.00000000
0.00000000
0.00000000
0.01456283
0.02904008
0.04323624
0.03761795
0.01683016
0.00000000
0.00000000
0.00000000
0.00000000
0.00000000
0.00000000
0.01431333
0.02992720
0.04186194
0.03155348
0.01493903
0.00000000
0.00000000
0.00000000
0.00000000
0.00394507
0.02700785
0.04170035
0.06486636
0.09233767
0.07236537
0.04556530
0.02731389
0.00394976
0.00000000
0.00000000
0.02813323
0.04270937
0.05173819
0.08583527
0.13018508
0.10033960
0.05806434
0.04258282
0.02824263
0.00000000
0.01481084
0.04123986
0.04717097
0.04967273
0.09392493
0.16199380
0.11589383
0.05688829
0.04476974
0.04027322
0.01507067
0.02660098
0.05229612
0.05382767
0.05560571
0.11978474
0.22521536
0.14738442
0.06316272
0.04936202
0.05018723
0.02685406
0.03371611
0.06506100
0.07443973
0.08670232
0.17693867
0.32042426
0.22839876
0.10220600
0.07123168
0.06370085
0.03428750
0.03280133
0.07115745
0.08803308
0.10582533
0.20711444
0.35909668
0.25920653
0.12767261
0.08893968
0.07152405
0.03372318
0.01772371
0.05423610
0.06720646
0.08091145
0.15077937
0.25958562
0.19304484
0.09807140
0.06781100
0.05466879
0.01818452
0.00000000
0.02918596
0.04356314
0.05167716
0.09254088
0.14684269
0.11032287
0.05794904
0.04269918
0.02899029
0.00000000
0.00000000
0.00394899
0.02626435
0.03858223
0.06181327
0.09236290
0.06956796
0.04064201
0.02540565
0.00389769
0.00000000
0.00000000
0.00000000
0.00000000
0.01456450
0.03033663
0.04348540
0.03243561
0.01492907
0.00000000
0.00000000
0.00000000
0.00000000
0.00000000
0.00000000
0.01379607
0.02919819
0.03711763
0.02725649
0.01356889
0.00000000
0.00000000
0.00000000
0.00000000
0.00371761
0.02504624
0.04021661
0.06387078
0.08027604
0.05880292
0.03959544
0.02572763
0.00375907
0.00000000
0.00000000
0.02608969
0.03975359
0.05229146
0.08887897
0.11651387
0.07799787
0.05184512
0.04159090
0.02680578
0.00000000
0.01380835
0.03688931
0.04238564
0.05003773
0.09804805
0.13377421
0.08098724
0.04826753
0.04477961
0.03829847
0.01386968
0.02380463
0.04406871
0.04403185
0.05024761
0.11427470
0.16856728
0.08915653
0.04557130
0.04629755
0.04606011
0.02378288
0.03199321
0.06031682
0.06846663
0.08854493
0.18581566
0.25976166
0.15079713
0.08321283
0.07177697
0.06249993
0.03196160
0.03792367
0.08367997
0.11307500
0.15355921
0.28300959
0.38657776
0.25436419
0.15342319
0.11936496
0.08783228
0.03810719
0.02035945
0.06249713
0.08644986
0.12042160
0.22040673
0.28621194
0.19472328
0.12035810
0.09179437
0.06432431
0.02044825
0.00000000
0.02785534
0.04134445
0.05407333
0.10119964
0.13177823
0.08438525
0.05087133
0.04300789
0.02865318
0.00000000
0.00000000
0.00363809
0.02286898
0.03461955
0.05894915
0.07622025
0.05131787
0.03196419
0.02293650
0.00365062
0.00000000
0.00000000
0.00000000
0.00000000
0.01399482
0.02992891
0.03876731
0.02764159
0.01349177
0.00000000
0.00000000
0.00000000
0.00000000
0.00000000
0.00000000
0.01314520
0.02745161
0.03220448
0.02363932
0.01248820
0.00000000
0.00000000
0.00000000
0.00000000
0.00342623
0.02324843
0.03848057
0.06039180
0.06771961
0.04963631
0.03576914
0.02394291
0.00347320
0.00000000
0.00000000
0.02380903
0.03719446
0.05165630
0.08538154
0.09692964
0.06375817
0.04780283
0.03954626
0.02463050
0.00000000
0.01256811
0.03276680
0.03870324
0.04966398
0.09374237
0.10776415
0.06127648
0.04411437
0.04307602
0.03488303
0.01245440
0.02118482
0.03739569
0.03755972
0.04677834
0.10238657
0.11938661
0.05631581
0.03734108
0.04299653
0.04089928
0.02093237
0.03063543
0.05662058
0.06645328
0.09167466
0.18013257
0.20800160
0.10984757
0.07546166
0.07222304
0.06087752
0.03027840
0.04162372
0.09335190
0.13327861
0.19487257
0.33222938
0.37933400
0.25198263
0.17627142
0.14029327
0.09865396
0.04121025
0.02214525
0.06815240
0.10241145
0.14861041
0.25637993
0.28938973
0.19647539
0.13803022
0.10946394
0.07218750
0.02195104
0.00000000
0.02603403
0.03937793
0.05484861
0.10036489
0.11281837
0.06766545
0.04751717
0.04266295
0.02736931
0.00000000
0.00000000
0.00323079
0.01981247
0.03100250
0.05328034
0.06023699
0.03857759
0.02715432
0.02072321
0.00329177
0.00000000
0.00000000
0.00000000
0.00000000
0.01323269
0.02825791
0.03344534
0.02354961
0.01236269
0.00000000
0.00000000
0.00000000
0.00000000
0.00000000
0.00000000
0.01477881
0.02425041
0.03017389
0.04013813
0.02546901
0.00000000
0.00000000
0.00000000
0.00000000
0.00388016
0.02808482
0.04191171
0.04685291
0.05711412
0.09233645
0.08386555
0.03454317
0.00382750
0.00000000
0.00000000
0.02776948
0.04722651
0.05584571
0.05420374
0.07052079
0.13333178
0.13561998
0.06185136
0.02530656
0.00000000
0.01513800
0.04412793
0.06055717
0.06605953
0.06076752
0.08586840
0.18785308
0.20268779
0.08525375
0.03718080
0.01467984
0.02794168
0.05694226
0.07640760
0.08597016
0.08075004
0.11488140
0.25534633
0.28941572
0.12246227
0.05044123
0.02711669
0.03125570
0.06056011
0.08184895
0.09181059
0.08355558
0.11688053
0.27932695
0.33179137
0.13645265
0.05567760
0.03079860
0.02648438
0.05346647
0.06893587
0.07383788
0.06000646
0.08120988
0.22736575
0.27765068
0.11900967
0.04683723
0.02535787
0.01471956
0.04205347
0.05840439
0.06330984
0.05368603
0.06907567
0.17198108
0.20655613
0.09023775
0.03660723
0.01418814
0.00000000
0.02745018
0.04688746
0.05679050
0.05508124
0.06907822
0.13190447
0.14118353
0.06517080
0.02574578
0.00000000
0.00000000
0.00384113
0.02797105
0.04227071
0.04788656
0.05759803
0.09272385
0.08704541
0.03623946
0.00381004
0.00000000
0.00000000
0.00000000
0.00000000
0.01494618
0.02469964
0.03025384
0.03994139
0.02571604
0.00000000
0.00000000
0.00000000
0.00000000
0.00000000
0.00000000
0.01561985
0.02749787
0.03386692
0.03883047
0.02314895
0.00000000
0.00000000
0.00000000
0.00000000
0.00415705
0.02991801
0.04540405
0.05420804
0.06566598
0.08805551
0.07339858
0.03396804
0.00412006
0.00000000
0.00000000
0.02915874
0.04877840
0.05665867
0.05975498
0.08050122
0.11957548
0.11322117
0.05670338
0.02703855
0.00000000
0.01566363
0.04668316
0.06128390
0.06470518
0.06673397
0.09937657
0.16366841
0.15330151
0.07216183
0.03917350
0.01542943
0.03091843
0.06435280
0.08741129
0.09888517
0.11016588
0.16434816
0.25837976
0.25004867
0.11507253
0.05878687
0.03064700
0.03742354
0.07517922
0.10324115
0.11943561
0.13164324
0.20133962
0.31907815
0.30325028
0.14234903
0.07209934
0.03797441
0.02948845
0.06046247
0.07729012
0.08150458
0.07939221
0.12033349
0.23157705
0.23933454
0.11477635
0.05681724
0.02936278
0.01535495
0.04478838
0.05903145
0.06125312
0.05722084
0.08277472
0.15325694
0.16110399
0.08030982
0.04056490
0.01521998
0.00000000
0.02898658
0.04862329
0.05717826
0.05985241
0.07970135
0.12058305
0.11969847
0.06107982
0.02786530
0.00000000
0.00000000
0.00409925
0.02976795
0.04534895
0.05466808
0.06593035
0.08877114
0.07603484
0.03545071
0.00412279
0.00000000
0.00000000
0.00000000
0.00000000
0.01562504
0.02757124
0.03363156
0.03857375
0.02326982
0.00000000
0.00000000
0.00000000
0.00000000
0.00000000
0.00000000
0.01658428
0.03027626
0.03911958
0.03685774
0.02004468
0.00000000
0.00000000
0.00000000
0.00000000
0.00447393
0.03112321
0.04886419
0.06166529
0.07944673
0.08271789
0.06092134
0.03286077
0.00444062
0.00000000
0.00000000
0.03008641
0.04923510
0.05595089
0.06814992
0.09640634
0.10380977
0.08077744
0.05027490
0.02871967
0.00000000
0.01628646
0.04835407
0.05921318
0.06051629
0.07571306
0.11745954
0.13072501
0.09881511
0.05722978
0.04148525
0.01590140
0.03326030
0.07189360
0.09333213
0.10562442
0.13848494
0.22401690
0.24663633
0.16961852
0.09575330
0.06328389
0.03256290
0.04372266
0.09080385
0.12238830
0.14313668
0.19532660
0.30006111
0.33117747
0.24565008
0.13510975
0.08720741
0.04422544
0.03160686
0.06746896
0.08470572
0.08881290
0.11170764
0.18239459
0.22350734
0.17197576
0.10276521
0.06540342
0.03227435
0.01602599
0.04763374
0.05785338
0.05679828
0.06560335
0.10647123
0.13043706
0.10882849
0.06747396
0.04537228
0.01618882
0.00000000
0.03024740
0.04975004
0.05646667
0.06885649
0.09820026
0.10801962
0.08895437
0.05548816
0.02980547
0.00000000
0.00000000
0.00445685
0.03108168
0.04878053
0.06179449
0.08012357
0.08407632
0.06254423
0.03399091
0.00447157
0.00000000
0.00000000
0.00000000
0.00000000
0.01649795
0.03008905
0.03867567
0.03661969
0.02005709
0.00000000
0.00000000
0.00000000
0.00000000
0.00000000
0.00000000
0.01720004
0.03322401
0.04443723
0.03588733
0.01829786
0.00000000
0.00000000
0.00000000
0.00000000
0.00470489
0.03214561
0.05160064
0.07234019
0.09461484
0.08070336
0.05592028
0.03243084
0.00464991
0.00000000
0.00000000
0.03118501
0.04955390
0.05742357
0.08373670
0.11825080
0.09868165
0.06513825
0.04844983
0.03043364
0.00000000
0.01677980
0.04893606
0.05626069
0.05827945
0.09336178
0.14507613
0.11500353
0.06769703
0.05089314
0.04380247
0.01626463
0.03292041
0.06931105
0.08270103
0.09457554
0.15629533
0.25570583
0.19803168
0.10951275
0.07281939
0.06249034
0.03153616
0.04371875
0.08933382
0.11328691
0.13478246
0.22940838
0.35431069
0.28276011
0.16449735
0.11026178
0.08344149
0.04280275
0.03346601
0.07118081
0.08468117
0.09289499
0.14779481
0.25088292
0.20932239
0.12499524
0.09005155
0.06932508
0.03356711
0.01726107
0.05112436
0.05904852
0.06040083
0.09394220
0.15211302
0.12679048
0.08612423
0.06364246
0.05054400
0.01736963
0.00000000
0.03238077
0.05172126
0.05997784
0.08893956
0.12299129
0.10770617
0.07496727
0.05475377
0.03212757
0.00000000
0.00000000
0.00480315
0.03293781
0.05271908
0.07418071
0.09807158
0.08388156
0.05796138
0.03378414
0.00476239
0.00000000
0.00000000
0.00000000
0.00000000
0.01736483
0.03337581
0.04468860
0.03624402
0.01848302
0.00000000
0.00000000
0.00000000
0.00000000
0.00000000
0.00000000
0.01659903
0.03519696
0.04651328
0.03292333
0.01626910
0.00000000
0.00000000
0.00000000
0.00000000
0.00452412
0.03045954
0.05072846
0.08025337
0.10225685
0.07375779
0.04989776
0.03059277
0.00447845
0.00000000
0.00000000
0.03067425
0.04705353
0.05897668
0.10312744
0.13315853
0.09149247
0.05737827
0.04684228
0.03061409
0.00000000
0.01638607
0.04631438
0.05135795
0.05896981
0.12030219
0.17075257
0.10086450
0.05397649
0.04910493
0.04439720
0.01577650
0.03067113
0.06057495
0.06442781
0.07975484
0.17206195
0.25982302
0.13887069
0.06701934
0.05900292
0.05851238
0.02992969
0.03920047
0.07546056
0.08818856
0.11498839
0.24493602
0.35018411
0.20538893
0.10408428
0.08294650
0.07246877
0.03747400
0.03336527
0.06906402
0.08007794
0.10041248
0.21012141
0.30230734
0.18332711
0.10005008
0.08248015
0.06932872
0.03264263
0.01802143
0.05258821
0.06075118
0.07511667
0.14546372
0.21453765
0.12833095
0.07767646
0.06508427
0.05409748
0.01781424
0.00000000
0.03230721
0.05034206
0.06427459
0.11662088
0.15178677
0.10452286
0.06496728
0.05335779
0.03273373
0.00000000
0.00000000
0.00469946
0.03130125
0.05248625
0.08418204
0.10864002
0.07696892
0.05118887
0.03161131
0.00466851
0.00000000
0.00000000
0.00000000
0.00000000
0.01709722
0.03628788
0.04811579
0.03389481
0.01661131
0.00000000
0.00000000
0.00000000
0.00000000
0.00000000
0.00000000
0.01561281
0.03583948
0.04407769
0.02929889
0.01455735
0.00000000
0.00000000
0.00000000
0.00000000
0.00406777
0.02757660
0.04843652
0.08420514
0.09745399
0.06229030
0.04282722
0.02833716
0.00407305
0.00000000
0.00000000
0.02852430
0.04290929
0.06089453
0.11948309
0.13466883
0.07903075
0.05236172
0.04472771
0.02921095
0.00000000
0.01548393
0.04122468
0.04598375
0.06231372
0.13974155
0.16890807
0.08167146
0.04847182
0.04906512
0.04256332
0.01509425
0.02810629
0.05100850
0.05122767
0.07334043
0.18599772
0.22758646
0.09454243
0.04942297
0.05416863
0.05305301
0.02662589
0.03472713
0.06172665
0.06902497
0.10468914
0.25450602
0.30262965
0.13171987
0.07301436
0.07114711
0.06415174
0.03281036
0.03339470
0.06694392
0.08134179
0.12152899
0.27887806
0.33171842
0.16097814
0.09584547
0.08693884
0.07084653
0.03198308
0.01851781
0.05278096
0.06483434
0.09972505
0.22065738
0.25535932
0.12697773
0.07994972
0.07168018
0.05666446
0.01790264
0.00000000
0.02985802
0.04530350
0.06748267
0.13544160
0.15853524
0.08754371
0.05570515
0.05005084
0.03112969
0.00000000
0.00000000
0.00414205
0.02736946
0.04812883
0.08795968
0.10215455
0.06103774
0.04073271
0.02871243
0.00422085
0.00000000
0.00000000
0.00000000
0.00000000
0.01608569
0.03770290
0.04627170
0.02983577
0.01466009
0.00000000
0.00000000
0.00000000
0.00000000
0.00000000
0.00000000
0.01531246
0.03560910
0.03998544
0.02593202
0.01346596
0.00000000
0.00000000
0.00000000
0.00000000
0.00377589
0.02571078
0.04766857
0.08457168
0.08719658
0.05472435
0.03864889
0.02654349
0.00381387
0.00000000
0.00000000
0.02646136
0.04071691
0.06366398
0.12570778
0.12599565
0.06781676
0.04959017
0.04323632
0.02745474
0.00000000
0.01482380
0.03720323
0.04328028
0.06740978
0.14956686
0.14724298
0.06622703
0.04666892
0.04894799
0.04004778
0.01415550
0.02568049
0.04370881
0.04492684
0.07415191
0.18767583
0.17996845
0.06504980
0.04326566
0.05223840
0.04860125
0.02421281
0.03233492
0.05549163
0.06296097
0.10830112
0.26193503
0.25121233
0.09776970
0.06394434
0.06899668
0.06074987
0.03057989
0.03446375
0.06874251
0.09075247
0.15348530
0.33686867
0.33104861
0.15436459
0.10569838
0.09745068
0.07433832
0.03255440
0.01919511
0.05430197
0.07307877
0.12311134
0.26600924
0.26274154
0.12851898
0.08937263
0.08055694
0.05922926
0.01828765
0.00000000
0.02774525
0.04228181
0.07076212
0.14710127
0.14659756
0.07293926
0.05084655
0.04804406
0.02999242
0.00000000
0.00000000
0.00371905
0.02392025
0.04483828
0.08643683
0.08802199
0.04921708
0.03410255
0.02598309
0.00385875
0.00000000
0.00000000
0.00000000
0.00000000
0.01552559
0.03768015
0.04197566
0.02589207
0.01340347
0.00000000
0.00000000
0.00000000
0.00000000
0.00000000
0.00000000
0.01626020
0.02813483
0.03151685
0.03393151
0.02438752
0.00000000
0.00000000
0.00000000
0.00000000
0.00424969
0.03020009
0.04716400
0.05466004
0.05792460
0.07220995
0.07769183
0.04325243
0.00464081
0.00000000
0.00000000
0.03038408
0.05203623
0.06275443
0.06597037
0.07145827
0.10123781
0.12614392
0.08129445
0.03196996
0.00000000
0.01702905
0.05076845
0.06942205
0.08273116
0.08451279
0.09315657
0.14453235
0.19938317
0.12507509
0.05373531
0.01655772
0.03121920
0.06555034
0.09091216
0.11055584
0.11438942
0.13020638
0.22118528
0.30238932
0.19107063
0.07748347
0.03118679
0.03522035
0.06764746
0.09120549
0.10868033
0.10779815
0.11778114
0.21910934
0.33057871
0.21368945
0.08406567
0.03540726
0.02889030
0.05748160
0.07251906
0.08210252
0.07366267
0.07351179
0.14492396
0.25622627
0.16814806
0.06547533
0.02761376
0.01570737
0.04557166
0.06076055
0.06909696
0.06541406
0.06498843
0.11256913
0.18292838
0.12616651
0.05117971
0.01527656
0.00000000
0.02959315
0.05006640
0.06236368
0.06517083
0.06919949
0.09910687
0.12904628
0.08773676
0.03306375
0.00000000
0.00000000
0.00415687
0.02987586
0.04709982
0.05602477
0.05945116
0.07373448
0.08168746
0.04626180
0.00473094
0.00000000
0.00000000
0.00000000
0.00000000
0.01610792
0.02829515
0.03162250
0.03369557
0.02446603
0.00000000
0.00000000
0.00000000
0.00000000
0.00000000
0.00000000
0.01769714
0.03066852
0.03585821
0.03473793
0.02263122
0.00000000
0.00000000
0.00000000
0.00000000
0.00466816
0.03260581
0.05184406
0.06101456
0.06731602
0.07362750
0.06938627
0.04090372
0.00490621
0.00000000
0.00000000
0.03212206
0.05435187
0.06383273
0.07073168
0.07899643
0.09292174
0.10301533
0.06867000
0.03229643
0.00000000
0.01815442
0.05435399
0.07136046
0.08140112
0.08787539
0.10016453
0.12310743
0.14310023
0.09971105
0.05241486
0.01737502
0.03636248
0.07914700
0.10862102
0.12820067
0.14493418
0.17986913
0.23200294
0.25324595
0.16356745
0.08369794
0.03596242
0.04403781
0.08952974
0.12186462
0.14275938
0.16285110
0.20257182
0.26317275
0.30313259
0.20591618
0.10367019
0.04527704
0.03187905
0.06603524
0.08373215
0.09094243
0.09156106
0.10514493
0.15153393
0.21153593
0.14921474
0.07549140
0.03200543
0.01684592
0.04920496
0.06131869
0.06497617
0.06458063
0.07088408
0.09991568
0.13690662
0.10567016
0.05342112
0.01656721
0.00000000
0.03117002
0.05254538
0.06197060
0.06903914
0.07742067
0.09389968
0.10972930
0.07669523
0.03414218
0.00000000
0.00000000
0.00455693
0.03182109
0.05099672
0.06104601
0.06803375
0.07483705
0.07249128
0.04320788
0.00496304
0.00000000
0.00000000
0.00000000
0.00000000
0.01728854
0.03040362
0.03526666
0.03410663
0.02247788
0.00000000
0.00000000
0.00000000
0.00000000
0.00000000
0.00000000
0.01911955
0.03394975
0.04136903
0.03611363
0.02079996
0.00000000
0.00000000
0.00000000
0.00000000
0.00508275
0.03563393
0.05638610
0.07052436
0.08183541
0.07767746
0.06199033
0.03812417
0.00509189
0.00000000
0.00000000
0.03361050
0.05421026
0.06240823
0.07494468
0.08849023
0.08542128
0.07523685
0.05618156
0.03216387
0.00000000
0.01873417
0.05496706
0.06786992
0.07205836
0.08572420
0.10445340
0.10043713
0.08852189
0.06713106
0.04899499
0.01756068
0.04029759
0.08918995
0.11776395
0.13582839
0.17351134
0.22445515
0.21520692
0.17180355
0.12467575
0.08199092
0.03823224
0.05256823
0.11099316
0.14480479
0.17647532
0.23222539
0.29129532
0.28889504
0.24748413
0.17199615
0.11264594
0.05212938
0.03622318
0.07710860
0.09399614
0.09821260
0.11441325
0.14161968
0.15357174
0.15144442
0.12248585
0.08093145
0.03624688
0.01792206
0.05218209
0.06082145
0.05925668
0.06483803
0.08195645
0.08947574
0.09565881
0.08087786
0.05397084
0.01767557
0.00000000
0.03387088
0.05470469
0.06343218
0.07703483
0.09311534
0.09413237
0.08777751
0.06534211
0.03502591
0.00000000
0.00000000
0.00504608
0.03550882
0.05655019
0.07126618
0.08363654
0.08046557
0.06516799
0.04001623
0.00515445
0.00000000
0.00000000
0.00000000
0.00000000
0.01851566
0.03287249
0.04004018
0.03514789
0.02043243
0.00000000
0.00000000
0.00000000
0.00000000
0.00000000
0.00000000
0.02097955
0.03919059
0.04832241
0.03894070
0.02102443
0.00000000
0.00000000
0.00000000
0.00000000
0.00558675
0.03921133
0.06138223
0.08501823
0.09992111
0.08500518
0.06208352
0.03878127
0.00541337
0.00000000
0.00000000
0.03623103
0.05688978
0.06693149
0.08994833
0.10765499
0.08920225
0.06765142
0.05494503
0.03396284
0.00000000
0.01950399
0.05638035
0.06569895
0.06981423
0.09873980
0.12336479
0.09496055
0.06548680
0.05717262
0.04943039
0.01807838
0.03967002
0.08578476
0.10619412
0.12511523
0.18530768
0.24464798
0.17543726
0.11378664
0.08857451
0.07244401
0.03611631
0.05201299
0.10860079
0.13405676
0.16734976
0.25596151
0.32379439
0.25189495
0.16669786
0.12611645
0.09826536
0.04860852
0.03835835
0.08193728
0.09616600
0.10241695
0.13999358
0.18817943
0.14949775
0.11808077
0.10236611
0.07912577
0.03703151
0.01983920
0.05777707
0.06764696
0.06806741
0.09044582
0.11578528
0.10055915
0.08703093
0.07684821
0.05847790
0.01939544
0.00000000
0.03986144
0.06366549
0.07919447
0.10769480
0.12644604
0.11487101
0.09218743
0.06940049
0.03965534
0.00000000
0.00000000
0.00593676
0.04263007
0.06693063
0.09502716
0.11306764
0.09762076
0.07111247
0.04348424
0.00579572
0.00000000
0.00000000
0.00000000
0.00000000
0.02118610
0.03954637
0.04880111
0.03957609
0.02140125
0.00000000
0.00000000
0.00000000
0.00000000
0.00000000
0.00000000
0.02056591
0.04133470
0.05007731
0.03660106
0.01923707
0.00000000
0.00000000
0.00000000
0.00000000
0.00538723
0.03741413
0.06143507
0.09415982
0.10732733
0.08005601
0.05818290
0.03593051
0.00515938
0.00000000
0.00000000
0.03527883
0.05579983
0.07235280
0.11404262
0.12499625
0.08833364
0.06202350
0.05327419
0.03331031
0.00000000
0.01891868
0.05374936
0.06160558
0.07616279
0.12791625
0.15389562
0.09034783
0.05737628
0.05534577
0.04896932
0.01754800
0.03529227
0.07152896
0.08477762
0.11190613
0.20593591
0.24756733
0.12634689
0.07329328
0.06743426
0.06249899
0.03192557
0.04485733
0.08779282
0.10829977
0.14200032
0.26221278
0.30817118
0.17117414
0.10413903
0.09101960
0.07846458
0.04082064
0.03634531
0.07474077
0.08791941
0.10950024
0.19748260
0.23313560
0.12725015
0.08960788
0.08405603
0.07132702
0.03415084
0.02031037
0.05874589
0.07173606
0.08979196
0.14584845
0.17073685
0.10917459
0.08121380
0.07444506
0.05952718
0.01954224
0.00000000
0.04150881
0.06809458
0.09646811
0.14493524
0.16810939
0.12499993
0.09123062
0.07017308
0.04111129
0.00000000
0.00000000
0.00613188
0.04434249
0.07444151
0.11619396
0.13045691
0.10049189
0.06941041
0.04352481
0.00593220
0.00000000
0.00000000
0.00000000
0.00000000
0.02223416
0.04481282
0.05414658
0.03969276
0.02079911
0.00000000
0.00000000
0.00000000
0.00000000
0.00000000
0.00000000
0.01870698
0.04160819
0.04638665
0.03043067
0.01575296
0.00000000
0.00000000
0.00000000
0.00000000
0.00453607
0.03119109
0.05826889
0.09929018
0.10148177
0.06470751
0.04737772
0.03055725
0.00442184
0.00000000
0.00000000
0.03051854
0.04923081
0.07678919
0.13427658
0.13249686
0.07651959
0.05524085
0.04829995
0.03047419
0.00000000
0.01697174
0.04524517
0.05417504
0.08638540
0.17219511
0.16579302
0.07646777
0.05180667
0.05343253
0.04520278
0.01572235
0.03048103
0.05599706
0.06395175
0.10959832
0.23850824
0.22397342
0.08787610
0.05462841
0.06000754
0.05668334
0.02873955
0.03688661
0.06416933
0.07891066
0.13283378
0.28864217
0.26692292
0.10588433
0.06791654
0.07146668
0.06380513
0.03355993
0.03216051
0.06108534
0.07556949
0.12642510
0.26948783
0.25128943
0.10105548
0.07040068
0.07356195
0.06246177
0.03017941
0.01867872
0.05156050
0.06618890
0.11145286
0.22523975
0.20711321
0.09685972
0.06934822
0.06799399
0.05432507
0.01756025
0.00000000
0.03449452
0.05791427
0.09883208
0.17469689
0.17026833
0.09922117
0.07065439
0.06042517
0.03553843
0.00000000
0.00000000
0.00497974
0.03513327
0.06617852
0.11771954
0.11948311
0.07473452
0.05435817
0.03506653
0.00497028
0.00000000
0.00000000
0.00000000
0.00000000
0.02005775
0.04523598
0.04995567
0.03172250
0.01670375
0.00000000
0.00000000
0.00000000
0.00000000
0.00000000
0.00000000
0.01769176
0.04169175
0.04186928
0.02599030
0.01376610
0.00000000
0.00000000
0.00000000
0.00000000
0.00387476
0.02732404
0.05667881
0.10169914
0.09140942
0.05400787
0.03975516
0.02740160
0.00387502
0.00000000
0.00000000
0.02684123
0.04392125
0.08088908
0.14989273
0.12835439
0.06373756
0.04955799
0.04440642
0.02789992
0.00000000
0.01543142
0.03816733
0.04831853
0.09492364
0.19671880
0.15341711
0.06173389
0.04803580
0.05151585
0.04125614
0.01460095
0.02746409
0.04522160
0.05308987
0.11305092
0.25452152
0.18664801
0.06078156
0.04724311
0.05671818
0.05052723
0.02531163
0.03226302
0.05178648
0.06528480
0.13908610
0.31105158
0.23119584
0.07370380
0.05635002
0.06525844
0.05747887
0.02970052
0.03002106
0.05366078
0.07168581
0.15197287
0.32802737
0.24951521
0.08613257
0.06671517
0.07230669
0.05885960
0.02791070
0.01734411
0.04529696
0.06290144
0.12836726
0.26852635
0.21130773
0.08442162
0.06413322
0.06518041
0.05016593
0.01603977
0.00000000
0.02838275
0.04828441
0.09641712
0.18425119
0.15068595
0.07263590
0.05535075
0.05186364
0.03052759
0.00000000
0.00000000
0.00395461
0.02769086
0.05905905
0.11228234
0.09826162
0.05384630
0.04021548
0.02879120
0.00411808
0.00000000
0.00000000
0.00000000
0.00000000
0.01838504
0.04448126
0.04388735
0.02612356
0.01392098
0.00000000
0.00000000
0.00000000
0.00000000
0.00000000
0.00000000
0.01706207
0.02972956
0.03224538
0.03113364
0.02354603
0.00000000
0.00000000
0.00000000
0.00000000
0.00446134
0.03100207
0.04942150
0.05836197
0.05835859
0.06227864
0.07297496
0.05127779
0.00559929
0.00000000
0.00000000
0.03300118
0.05658461
0.07215269
0.08110568
0.08027575
0.09157693
0.12518772
0.10678209
0.04362401
0.00000000
0.01917247
0.05732568
0.08203154
0.10428870
0.11553060
0.11530036
0.13771059
0.20361742
0.17692608
0.08059276
0.01988495
0.03418527
0.07258245
0.10016689
0.12274992
0.13871081
0.14224201
0.18348429
0.27973098
0.25598013
0.11678638
0.03693193
0.03610548
0.06827167
0.08828756
0.10634508
0.11079223
0.10277519
0.14013138
0.26371834
0.25799134
0.11711978
0.03899805
0.02951511
0.05787442
0.07020752
0.08100245
0.08040181
0.06691531
0.09232612
0.19678374
0.20332161
0.09298600
0.03001679
0.01654349
0.04741811
0.06131008
0.07216804
0.07642327
0.06812031
0.08455521
0.15331952
0.15236159
0.06961428
0.01718156
0.00000000
0.03061253
0.05117548
0.06353854
0.07214303
0.07108597
0.08282565
0.12150393
0.10724950
0.04358867
0.00000000
0.00000000
0.00431882
0.03028133
0.04799229
0.05836413
0.05966840
0.06436960
0.07609757
0.05403224
0.00575166
0.00000000
0.00000000
0.00000000
0.00000000
0.01647185
0.02932479
0.03211214
0.03109557
0.02339645
0.00000000
0.00000000
0.00000000
0.00000000
0.00000000
0.00000000
0.01944932
0.03339890
0.03869753
0.03500120
0.02322602
0.00000000
0.00000000
0.00000000
0.00000000
0.00529968
0.03689910
0.05859255
0.07000079
0.07548565
0.07489593
0.07243806
0.04931938
0.00597652
0.00000000
0.00000000
0.03896508
0.06408209
0.08176063
0.09598207
0.10179484
0.10309127
0.11449194
0.09338794
0.04444924
0.00000000
0.02180482
0.06473077
0.09129904
0.10974949
0.12366271
0.12977378
0.13397042
0.15721241
0.13399160
0.07397491
0.02147675
0.04080695
0.08964734
0.11899782
0.13704546
0.16228257
0.17949885
0.19630598
0.23585120
0.20329566
0.11194935
0.04147229
0.04573620
0.09115533
0.11466784
0.12782815
0.14206876
0.15447026
0.18121792
0.24498998
0.22689745
0.12520018
0.04833816
0.03473287
0.07094766
0.08350448
0.08762041
0.09142601
0.09163932
0.10986090
0.16994657
0.17531264
0.09950493
0.03620388
0.01921051
0.05589779
0.06699157
0.07225984
0.07843858
0.08012240
0.09057618
0.12837654
0.12923016
0.07095050
0.01960232
0.00000000
0.03544708
0.05770788
0.06844912
0.07995733
0.08598594
0.09204119
0.11031701
0.09556292
0.04444563
0.00000000
0.00000000
0.00504197
0.03452951
0.05455276
0.06556261
0.07188858
0.07301902
0.07273654
0.05039654
0.00593249
0.00000000
0.00000000
0.00000000
0.00000000
0.01843195
0.03191646
0.03733367
0.03403473
0.02279922
0.00000000
0.00000000
0.00000000
0.00000000
0.00000000
0.00000000
0.02273259
0.04028726
0.04828564
0.04146587
0.02383704
0.00000000
0.00000000
0.00000000
0.00000000
0.00639998
0.04541558
0.06881561
0.08995792
0.10254383
0.09549531
0.07627889
0.04827917
0.00638476
0.00000000
0.00000000
0.04530634
0.07332022
0.08834065
0.10656220
0.12002685
0.11375017
0.09929939
0.07710575
0.04374334
0.00000000
0.02397785
0.07201649
0.09415492
0.10079519
0.11685594
0.13178541
0.12090307
0.10660928
0.09102156
0.06315326
0.02209093
0.04692080
0.10568658
0.12566377
0.13852565
0.17111766
0.20491739
0.18668629
0.15546432
0.12784547
0.09553505
0.04320013
0.05653341
0.11841632
0.13824800
0.15012996
0.18289508
0.21999758
0.21256022
0.19333205
0.16630729
0.11977997
0.05450836
0.04235898
0.09085004
0.10167062
0.09510150
0.10461092
0.12452645
0.12701799
0.13747348
0.13363618
0.09779689
0.04154924
0.02258591
0.06534766
0.07829985
0.07412393
0.08232413
0.09925886
0.10569469
0.11463191
0.10860229
0.07019117
0.02191700
0.00000000
0.04377984
0.06887385
0.08055994
0.09735740
0.11558902
0.11641164
0.10856897
0.08612940
0.04562488
0.00000000
0.00000000
0.00613131
0.04280883
0.06359387
0.08331061
0.09662008
0.09222218
0.07539824
0.04804971
0.00617894
0.00000000
0.00000000
0.00000000
0.00000000
0.02109753
0.03723921
0.04482728
0.03895237
0.02272907
0.00000000
0.00000000
0.00000000
0.00000000
0.00000000
0.00000000
0.02496471
0.04515983
0.05412096
0.04490521
0.02450066
0.00000000
0.00000000
0.00000000
0.00000000
0.00689201
0.05021033
0.07726900
0.10224148
0.11571186
0.10265593
0.07646417
0.04697829
0.00638216
0.00000000
0.00000000
0.04657027
0.07605506
0.08976866
0.10788095
0.11972184
0.10815945
0.08609324
0.06646803
0.04080105
0.00000000
0.02333385
0.07053161
0.09066742
0.09180743
0.10787851
0.12328814
0.10483637
0.07860047
0.06800272
0.05773405
0.02086159
0.04496735
0.10270254
0.12272650
0.12717253
0.16496398
0.19753098
0.15146017
0.10799317
0.09148354
0.07777902
0.03912080
0.05565772
0.12028641
0.14177574
0.15108688
0.19607611
0.23331305
0.18541408
0.13611105
0.12086868
0.09779874
0.04954731
0.04376559
0.09867223
0.11365519
0.10489182
0.12057263
0.14130977
0.12718676
0.11662214
0.10901655
0.08662109
0.04032944
0.02443092
0.07596663
0.09657411
0.09365032
0.10754173
0.12520893
0.12499917
0.11472477
0.10013422
0.06991100
0.02292543
0.00000000
0.05333824
0.09099869
0.11147787
0.13432564
0.15997015
0.14979440
0.12571880
0.09234860
0.04976630
0.00000000
0.00000000
0.00731326
0.05419305
0.08421103
0.11343858
0.12953033
0.11873293
0.08830198
0.05247591
0.00677749
0.00000000
0.00000000
0.00000000
0.00000000
0.02435878
0.04389414
0.05294692
0.04431351
0.02425924
0.00000000
0.00000000
0.00000000
0.00000000
0.00000000
0.00000000
0.02385382
0.04375350
0.05032115
0.03976538
0.02171864
0.00000000
0.00000000
0.00000000
0.00000000
0.00625209
0.04635845
0.07405221
0.09994651
0.10621522
0.08749954
0.06443781
0.04061277
0.00565720
0.00000000
0.00000000
0.04181380
0.07124763
0.09182367
0.11350480
0.11642805
0.09289251
0.07242701
0.05918913
0.03612398
0.00000000
0.02086926
0.06167475
0.08545154
0.09990305
0.12304915
0.12442960
0.08969503
0.06665208
0.06152184
0.05215175
0.01891351
0.03823998
0.08446226
0.11265182
0.13065943
0.18038122
0.18097536
0.11697385
0.07996492
0.07236829
0.06433100
0.03361578
0.04677977
0.09828413
0.12600954
0.15491807
0.21350345
0.20923567
0.12909141
0.09673480
0.08812494
0.07604600
0.04110885
0.03919558
0.08779996
0.11392128
0.12604658
0.16112337
0.15328081
0.10897059
0.09133552
0.08681314
0.07225403
0.03547926
0.02383661
0.07521838
0.11061043
0.12729101
0.15903383
0.15843539
0.12747622
0.10878920
0.09305731
0.06595193
0.02217741
0.00000000
0.05588176
0.10537314
0.14197059
0.18756756
0.19876650
0.16409515
0.13037272
0.09445725
0.05090136
0.00000000
0.00000000
0.00759123
0.05956254
0.10015976
0.13654295
0.14642690
0.12454590
0.09066368
0.05395804
0.00698390
0.00000000
0.00000000
0.00000000
0.00000000
0.02623058
0.04844090
0.05573953
0.04418971
0.02415181
0.00000000
0.00000000
0.00000000
0.00000000
0.00000000
0.00000000
0.02234104
0.04293466
0.04400214
0.03159327
0.01759765
0.00000000
0.00000000
0.00000000
0.00000000
0.00511671
0.03868824
0.07075048
0.10184447
0.09318685
0.06732799
0.05322139
0.03338046
0.00475001
0.00000000
0.00000000
0.03433598
0.06207151
0.10126539
0.13439356
0.11772621
0.07635697
0.06164704
0.05281013
0.03147694
0.00000000
0.01823058
0.05157972
0.07553817
0.12129164
0.17018677
0.12957524
0.07403493
0.06107549
0.05874980
0.04722129
0.01681553
0.03167295
0.06212218
0.09409628
0.15357560
0.23044086
0.16395880
0.08095998
0.06368658
0.06393109
0.05810400
0.03028753
0.03789970
0.07027987
0.10689025
0.18281204
0.26117176
0.18278973
0.08619329
0.07149024
0.07286762
0.06248806
0.03438110
0.03299029
0.06657322
0.10358395
0.17394492
0.24978545
0.16122450
0.08025105
0.07269990
0.07419953
0.06180959
0.03095483
0.02049547
0.06021776
0.10019345
0.16296588
0.22879411
0.16507633
0.09972930
0.08614022
0.07811347
0.05827332
0.01907589
0.00000000
0.04368076
0.08768401
0.14425269
0.20478486
0.17395563
0.12352011
0.09824573
0.07490637
0.04168619
0.00000000
0.00000000
0.00596427
0.04786203
0.09180447
0.13072433
0.12297861
0.08930262
0.06696809
0.04266667
0.00570736
0.00000000
0.00000000
0.00000000
0.00000000
0.02458374
0.04774433
0.04836990
0.03457002
0.01951156
0.00000000
0.00000000
0.00000000
0.00000000
0.00000000
0.00000000
0.02142416
0.04327036
0.03891295
0.02651811
0.01469977
0.00000000
0.00000000
0.00000000
0.00000000
0.00413857
0.03201252
0.06949712
0.10572078
0.08264049
0.05426331
0.04301899
0.02901400
0.00404393
0.00000000
0.00000000
0.02823893
0.05374633
0.10845653
0.15595625
0.11200343
0.06174823
0.05397681
0.04718821
0.02875833
0.00000000
0.01601647
0.04036152
0.06315745
0.13284308
0.20735410
0.12658226
0.05951685
0.05473432
0.05535339
0.04252690
0.01520201
0.02820713
0.04742955
0.07473169
0.17058252
0.26596794
0.14459467
0.05743508
0.05595801
0.06131772
0.05171385
0.02651506
0.03216719
0.05207825
0.08672137
0.20554934
0.30928165
0.16106680
0.05974769
0.06040641
0.06677437
0.05680205
0.03028572
0.02925156
0.05159173
0.08829464
0.20763981
0.30609977
0.15933810
0.06145830
0.06320494
0.06858705
0.05583029
0.02760118
0.01732686
0.04590721
0.08131508
0.17851661
0.26312003
0.15223943
0.07101923
0.06686895
0.06578274
0.04897863
0.01614674
0.00000000
0.03091603
0.06382942
0.13137344
0.19755942
0.13270125
0.07674376
0.06600126
0.05765165
0.03227980
0.00000000
0.00000000
0.00433257
0.03488319
0.07908906
0.12120163
0.09139201
0.05733931
0.04759243
0.03167003
0.00441144
0.00000000
0.00000000
0.00000000
0.00000000
0.02268771
0.04621140
0.04039084
0.02682355
0.01514692
0.00000000
0.00000000
0.00000000
0.00000000
0.00000000
0.00000000
0.01699997
0.02984435
0.03220485
0.02965086
0.02130216
0.00000000
0.00000000
0.00000000
0.00000000
0.00450414
0.03109270
0.04921002
0.05908135
0.05858094
0.05728651
0.06396548
0.05361778
0.00653628
0.00000000
0.00000000
0.03631184
0.06239955
0.08442965
0.10097273
0.10060214
0.10025679
0.12308379
0.12566464
0.05875794
0.00000000
0.02189469
0.06735576
0.10282977
0.13362673
0.16601771
0.17049785
0.17345424
0.21774212
0.22543564
0.12158043
0.02630531
0.03657921
0.07927646
0.10978464
0.13837023
0.16669881
0.16531625
0.17107600
0.23962635
0.27203944
0.15489878
0.04609765
0.03489281
0.06503737
0.08045492
0.09392406
0.10124404
0.08635394
0.08808421
0.16094561
0.23197201
0.13844526
0.04390690
0.02881374
0.05586913
0.06535744
0.07393462
0.07923456
0.06545705
0.06318310
0.12150037
0.18422136
0.11561630
0.03445679
0.01664284
0.04764374
0.06104936
0.07221622
0.08264036
0.07624844
0.07439031
0.11695097
0.15024216
0.08959026
0.02031503
0.00000000
0.03079821
0.05090514
0.06310667
0.07420942
0.07340299
0.07351536
0.09802280
0.10771060
0.05319196
0.00000000
0.00000000
0.00431260
0.02989622
0.04648722
0.05714817
0.05831559
0.05776016
0.06343608
0.05364545
0.00662491
0.00000000
0.00000000
0.00000000
0.00000000
0.01611099
0.02873340
0.03141222
0.02918043
0.02062188
0.00000000
0.00000000
0.00000000
0.00000000
0.00000000
0.00000000
0.01938492
0.03328112
0.03815671
0.03335480
0.02169034
0.00000000
0.00000000
0.00000000
0.00000000
0.00564674
0.03962159
0.06190494
0.07611246
0.08203694
0.07746287
0.07200646
0.05307967
0.00678901
0.00000000
0.00000000
0.04693133
0.08196916
0.10916243
0.13163118
0.14176072
0.13462378
0.13332361
0.12019948
0.06002432
0.00000000
0.02514239
0.08097140
0.12036080
0.14773247
0.18465903
0.19899389
0.18747628
0.19066197
0.17885841
0.10721411
0.02728148
0.04154671
0.09382711
0.12005531
0.13834842
0.16415869
0.17134620
0.16415995
0.18665601
0.20164022
0.12704532
0.04557663
0.04248747
0.08419516
0.09751955
0.10085694
0.10817329
0.10575242
0.10563222
0.14198713
0.18452616
0.12585750
0.04740814
0.03443671
0.07143501
0.08035813
0.07998331
0.08617403
0.08513390
0.08528149
0.12195531
0.15919590
0.11121320
0.03860150
0.01999687
0.05935953
0.07275736
0.07851037
0.09056267
0.09559843
0.09575798
0.12016878
0.13399814
0.08629390
0.02211100
0.00000000
0.03756535
0.06001068
0.07118899
0.08439378
0.09123485
0.09109222
0.10099227
0.09846937
0.05116931
0.00000000
0.00000000
0.00515971
0.03490050
0.05344665
0.06417205
0.06973267
0.06779116
0.06527185
0.04991672
0.00641063
0.00000000
0.00000000
0.00000000
0.00000000
0.01822096
0.03148206
0.03659069
0.03245491
0.02118624
0.00000000
0.00000000
0.00000000
0.00000000
0.00000000
0.00000000
0.02297093
0.03991093
0.04751472
0.04089290
0.02344143
0.00000000
0.00000000
0.00000000
0.00000000
0.00730554
0.05318712
0.07976089
0.10255422
0.11701710
0.10917145
0.08610484
0.05429594
0.00713419
0.00000000
0.00000000
0.05915399
0.10416438
0.12690744
0.15188956
0.17389324
0.16227871
0.13471214
0.10449979
0.05650370
0.00000000
0.02750243
0.09482697
0.12782973
0.13882791
0.16176760
0.18353063
0.16516203
0.13515547
0.11756444
0.08133432
0.02559444
0.04710129
0.11512878
0.13409220
0.12764961
0.14067757
0.15965636
0.14415671
0.12304079
0.11843462
0.09589138
0.04239017
0.05251740
0.11605162
0.12387925
0.10954002
0.11319667
0.12497524
0.12498833
0.12173719
0.12688224
0.10577680
0.04867269
0.04332531
0.10089047
0.10915594
0.08923675
0.09200750
0.10904326
0.11521367
0.12349910
0.12659770
0.09966319
0.04126173
0.02467701
0.07973722
0.09783505
0.09020811
0.10047898
0.12210406
0.12686403
0.12548204
0.12154069
0.08023278
0.02354451
0.00000000
0.05031042
0.07981643
0.08885241
0.10454618
0.12312983
0.12410714
0.11423901
0.09207612
0.04944061
0.00000000
0.00000000
0.00653832
0.04486665
0.06307507
0.07934605
0.09132891
0.08780159
0.07214551
0.04735133
0.00624332
0.00000000
0.00000000
0.00000000
0.00000000
0.02081413
0.03582415
0.04285684
0.03749347
0.02194410
0.00000000
0.00000000
0.00000000
0.00000000
0.00000000
0.00000000
0.02534694
0.04349990
0.05143262
0.04393302
0.02418259
0.00000000
0.00000000
0.00000000
0.00000000
0.00786103
0.06058521
0.08910178
0.10962959
0.12220701
0.11221855
0.08438516
0.05053676
0.00670283
0.00000000
0.00000000
0.06053198
0.10962579
0.12313408
0.13049380
0.14437965
0.13435747
0.11060823
0.08086104
0.04631532
0.00000000
0.02588782
0.09534602
0.13136125
0.12221799
0.12082069
0.13304113
0.12417857
0.09820477
0.08066710
0.06224314
0.02195895
0.04591521
0.12284863
0.15152660
0.12467825
0.12052984
0.13525671
0.12465311
0.09639376
0.08514699
0.07403460
0.03730743
0.05354911
0.12928016
0.15536757
0.12043800
0.11312597
0.12667966
0.12374493
0.10499874
0.09813087
0.08447882
0.04418979
0.04568566
0.12084275
0.14059128
0.10814375
0.09718591
0.11517474
0.12135324
0.11367313
0.10527034
0.08362278
0.03878339
0.02717680
0.10029403
0.13337548
0.12243805
0.12347744
0.14395262
0.15053163
0.13467091
0.11227048
0.07513814
0.02369647
0.00000000
0.06314507
0.11422487
0.12498406
0.14093678
0.16505085
0.16231002
0.13357714
0.09702674
0.05114030
0.00000000
0.00000000
0.00779262
0.05782989
0.08176059
0.10044525
0.11495691
0.10823411
0.08238126
0.04918315
0.00639957
0.00000000
0.00000000
0.00000000
0.00000000
0.02310180
0.03884016
0.04636404
0.04024027
0.02249851
0.00000000
0.00000000
0.00000000
0.00000000
0.00000000
0.00000000
0.02461442
0.04026755
0.04489451
0.03776840
0.02114238
0.00000000
0.00000000
0.00000000
0.00000000
0.00693912
0.05589446
0.08279878
0.09522074
0.09717852
0.08683838
0.06637485
0.04085858
0.00557488
0.00000000
0.00000000
0.05067342
0.09958367
0.11413573
0.11176404
0.10884802
0.09875289
0.08148605
0.06169361
0.03672270
0.00000000
0.02148248
0.07866635
0.12495585
0.12577501
0.11262263
0.10529473
0.09310056
0.07762624
0.06494293
0.05241631
0.01874608
0.03778005
0.10296018
0.15636143
0.15015300
0.12789735
0.11603388
0.09984824
0.08244829
0.07158433
0.06197965
0.03202773
0.04435925
0.11430971
0.17195983
0.15961844
0.12941368
0.11216297
0.09864897
0.08735884
0.07880529
0.06737415
0.03748937
0.03927876
0.10991514
0.16747400
0.15438104
0.12041970
0.10495020
0.10000814
0.09498834
0.08470248
0.06778968
0.03361231
0.02550991
0.09928814
0.16685581
0.17761952
0.16163863
0.15136768
0.14448178
0.12859151
0.10194033
0.06805105
0.02240942
0.00000000
0.06567045
0.13813622
0.17468688
0.18739724
0.18884329
0.17272587
0.14016871
0.09843517
0.05127626
0.00000000
0.00000000
0.00780641
0.06410522
0.10015935
0.11742151
0.12160298
0.10994963
0.08382062
0.04950455
0.00638550
0.00000000
0.00000000
0.00000000
0.00000000
0.02494387
0.04022377
0.04491992
0.03842369
0.02185959
0.00000000
0.00000000
0.00000000
0.00000000
0.00000000
0.00000000
0.02482978
0.03942764
0.03800998
0.03077415
0.01759197
0.00000000
0.00000000
0.00000000
0.00000000
0.00548720
0.04743333
0.08273853
0.09258990
0.07800832
0.06462486
0.05406055
0.03340088
0.00467428
0.00000000
0.00000000
0.03854949
0.08499878
0.12409504
0.12220904
0.09326769
0.07461096
0.06559709
0.05376583
0.03127546
0.00000000
0.01792268
0.05879184
0.11356993
0.15957469
0.14501901
0.09657819
0.07262225
0.06740319
0.06067865
0.04661946
0.01669340
0.03073131
0.07167541
0.13845877
0.20641057
0.17932111
0.10447963
0.07459167
0.07197151
0.06520952
0.05594657
0.02949773
0.03525440
0.07947343
0.15816166
0.23655124
0.19634706
0.10197154
0.07249798
0.07572303
0.07064406
0.05988090
0.03291631
0.03151413
0.07833047
0.15853412
0.23597208
0.19231297
0.09903907
0.07443278
0.08049895
0.07395719
0.05968699
0.03035976
0.02057152
0.07180353
0.14977507
0.22627579
0.20374623
0.12746681
0.10524546
0.10028598
0.08257523
0.05820015
0.01916369
0.00000000
0.04980319
0.12057612
0.18485591
0.19035614
0.14761323
0.12528981
0.10755484
0.07764667
0.04174059
0.00000000
0.00000000
0.00615098
0.05672740
0.10315611
0.11661861
0.09843306
0.08251799
0.06618880
0.04111376
0.00542591
0.00000000
0.00000000
0.00000000
0.00000000
0.02643718
0.04170097
0.03953023
0.03191809
0.01895582
0.00000000
0.00000000
0.00000000
0.00000000
0.00000000
0.00000000
0.02500741
0.04066559
0.03340606
0.02573604
0.01496089
0.00000000
0.00000000
0.00000000
0.00000000
0.00426047
0.03863405
0.08436849
0.09775636
0.06783687
0.05222113
0.04417822
0.02911145
0.00400696
0.00000000
0.00000000
0.02916371
0.06829339
0.13392274
0.14163084
0.08606150
0.05953599
0.05707352
0.04758587
0.02840973
0.00000000
0.01551809
0.04226031
0.08969668
0.18353972
0.18444732
0.09261821
0.05802663
0.06074956
0.05624338
0.04191282
0.01521060
0.02661745
0.04937974
0.11030107
0.24074022
0.23191038
0.09708941
0.05597115
0.06249088
0.06216447
0.05041054
0.02627033
0.03011873
0.05359313
0.12232209
0.27364954
0.25809103
0.09740265
0.05492483
0.06690979
0.06624091
0.05450616
0.03000815
0.02736865
0.05336743
0.12342549
0.27126127
0.25510743
0.09629247
0.05624281
0.06932402
0.06750727
0.05337719
0.02707425
0.01654536
0.04846177
0.11390997
0.23792811
0.23027055
0.10652714
0.06801864
0.07368764
0.06603945
0.04749051
0.01599767
0.00000000
0.03268114
0.08506607
0.16970395
0.17836340
0.10678023
0.07571968
0.07166292
0.05821482
0.03188006
0.00000000
0.00000000
0.00444656
0.04272839
0.09635568
0.11037835
0.07372403
0.05607309
0.04962343
0.03169618
0.00433377
0.00000000
0.00000000
0.00000000
0.00000000
0.02644514
0.04267046
0.03394521
0.02604276
0.01544944
0.00000000
0.00000000
0.00000000
0.00000000
0.00000000
0.00000000
0.01633428
0.02849268
0.03090119
0.02752459
0.01869301
0.00000000
0.00000000
0.00000000
0.00000000
0.00442597
0.03069997
0.04768338
0.05702120
0.05684164
0.05313927
0.05580391
0.04867807
0.00668969
0.00000000
0.00000000
0.03905994
0.06957393
0.09509539
0.11611082
0.11802920
0.11252584
0.12121338
0.12400696
0.06516693
0.00000000
0.02418695
0.07850734
0.12368310
0.16697074
0.21292654
0.22499362
0.21647230
0.23189171
0.23846245
0.14400627
0.03188835
0.03825065
0.08615744
0.12109899
0.15397149
0.18782923
0.18854809
0.17657694
0.20568053
0.25003338
0.17193742
0.05362311
0.03306439
0.06275439
0.07625263
0.08367652
0.08926540
0.07613937
0.06470306
0.09885269
0.16962482
0.13563758
0.04702856
0.02712644
0.05340102
0.06195560
0.06620684
0.07162199
0.06299856
0.05376938
0.08016708
0.13527921
0.11257134
0.03681333
0.01602335
0.04686135
0.06036970
0.06994548
0.08121854
0.07952854
0.07203959
0.09015918
0.12119329
0.08998621
0.02180448
0.00000000
0.03029810
0.05014865
0.06158881
0.07210325
0.07319222
0.06894911
0.07880268
0.08984264
0.05319268
0.00000000
0.00000000
0.00419962
0.02906504
0.04443082
0.05431628
0.05603590
0.05306321
0.05339352
0.04566639
0.00656207
0.00000000
0.00000000
0.00000000
0.00000000
0.01549182
0.02735583
0.03037207
0.02704752
0.01773262
0.00000000
0.00000000
0.00000000
0.00000000
0.00000000
0.00000000
0.01774742
0.03024243
0.03375572
0.02967166
0.01872223
0.00000000
0.00000000
0.00000000
0.00000000
0.00549768
0.03927634
0.06020716
0.07347055
0.07844094
0.07289194
0.06561138
0.04935962
0.00669246
0.00000000
0.00000000
0.05110265
0.09486314
0.12752970
0.15765679
0.17146848
0.16080101
0.14806433
0.12618871
0.06542334
0.00000000
0.02654553
0.09155416
0.14076200
0.18457527
0.23157525
0.24972172
0.23064633
0.21450996
0.19654241
0.12488949
0.03074809
0.03976934
0.09422258
0.12355804
0.14124802
0.16286121
0.16491635
0.14769118
0.15216352
0.17515628
0.12864091
0.04647029
0.03747213
0.07674340
0.08795313
0.08252955
0.08262067
0.07684761
0.06841266
0.08676453
0.12913354
0.11211122
0.04377275
0.03133050
0.06792916
0.07770416
0.07332481
0.07741039
0.07792892
0.07271460
0.08808146
0.12018379
0.10010850
0.03660684
0.01877174
0.05817302
0.07476806
0.07973032
0.09149230
0.09848174
0.09467215
0.10183367
0.11479583
0.08219983
0.02172481
0.00000000
0.03648753
0.05928515
0.06957099
0.08086853
0.08726171
0.08433086
0.08538339
0.08384813
0.04859240
0.00000000
0.00000000
0.00488864
0.03334857
0.04972820
0.05960367
0.06320594
0.06053355
0.05613175
0.04270923
0.00601462
0.00000000
0.00000000
0.00000000
0.00000000
0.01698422
0.02967258
0.03345467
0.02980763
0.01842706
0.00000000
0.00000000
0.00000000
0.00000000
0.00000000
0.00000000
0.02037395
0.03374972
0.03933209
0.03439189
0.02022487
0.00000000
0.00000000
0.00000000
0.00000000
0.00723713
0.05435539
0.07969920
0.09811170
0.10964326
0.10335957
0.08254930
0.05241146
0.00689122
0.00000000
0.00000000
0.06536289
0.12643106
0.15595597
0.18624060
0.20775130
0.19458787
0.15903163
0.11880975
0.06184117
0.00000000
0.02787980
0.10781652
0.16177376
0.17698096
0.19695987
0.21322559
0.19325301
0.15851191
0.12978631
0.08931959
0.02615758
0.04302446
0.11664245
0.14462560
0.12492901
0.12124835
0.12655465
0.11700164
0.10461544
0.10597611
0.08852457
0.03826296
0.04528417
0.11008856
0.12045449
0.08802746
0.07609145
0.08136681
0.08170887
0.08414889
0.09834398
0.08666109
0.04068023
0.03932964
0.10145816
0.11472179
0.08660439
0.08218568
0.09530807
0.10067181
0.10306596
0.10899919
0.08651377
0.03623639
0.02322640
0.08293938
0.10762584
0.09652373
0.10240032
0.12088492
0.12485214
0.11948597
0.10928529
0.07405756
0.02170514
0.00000000
0.04983483
0.08120865
0.08594295
0.09508544
0.10923529
0.10973218
0.09921865
0.08093248
0.04498230
0.00000000
0.00000000
0.00621407
0.04264568
0.05766946
0.06719414
0.07518194
0.07266603
0.06101201
0.04096777
0.00559426
0.00000000
0.00000000
0.00000000
0.00000000
0.01888973
0.03138911
0.03695294
0.03258352
0.01930221
0.00000000
0.00000000
0.00000000
0.00000000
0.00000000
0.00000000
0.02345468
0.03717237
0.04291240
0.03770534
0.02134638
0.00000000
0.00000000
0.00000000
0.00000000
0.00817824
0.06482036
0.09031741
0.10205602
0.11068776
0.10430017
0.08027197
0.04817979
0.00633831
0.00000000
0.00000000
0.07020994
0.13865079
0.15049118
0.15232958
0.16196270
0.15368418
0.12549749
0.08959920
0.04867834
0.00000000
0.02658275
0.11682475
0.18063362
0.15852411
0.13693902
0.14226840
0.13532637
0.11294960
0.09017263
0.06457341
0.02166017
0.04400739
0.13797295
0.18906397
0.13228430
0.09854334
0.10327432
0.10420887
0.08917049
0.08078901
0.06896970
0.03401190
0.04929289
0.14239396
0.18214364
0.11287896
0.07623290
0.08306783
0.09260021
0.08753639
0.08445454
0.07326696
0.03857737
0.04380722
0.13539296
0.17444724
0.11507192
0.08411930
0.09765454
0.11236420
0.10723241
0.09671374
0.07559684
0.03497770
0.02640310
0.11255153
0.16060238
0.12844770
0.11548876
0.13119566
0.14140098
0.12702189
0.10371765
0.06900124
0.02174255
0.00000000
0.06515079
0.12053316
0.11820469
0.11659952
0.12904131
0.13140723
0.11432900
0.08319253
0.04488718
0.00000000
0.00000000
0.00772878
0.05722620
0.07161325
0.07772303
0.08584311
0.08378424
0.06675079
0.04150703
0.00556336
0.00000000
0.00000000
0.00000000
0.00000000
0.02128249
0.03291367
0.03834443
0.03420597
0.01975691
0.00000000
0.00000000
0.00000000
0.00000000
0.00000000
0.00000000
0.02451149
0.03575538
0.03844846
0.03351615
0.01919069
0.00000000
0.00000000
0.00000000
0.00000000
0.00744616
0.06340308
0.08756634
0.08778955
0.08584493
0.08015396
0.06297180
0.03858880
0.00523184
0.00000000
0.00000000
0.05937799
0.12792552
0.13549337
0.11482868
0.10697769
0.10284628
0.08679461
0.06349958
0.03665569
0.00000000
0.02136268
0.09621058
0.17435493
0.15957138
0.11080369
0.09660348
0.09581575
0.08401740
0.06802483
0.05211449
0.01815449
0.03595476
0.12176359
0.21090142
0.17365839
0.10335717
0.08490460
0.08899943
0.08178075
0.07001615
0.05925008
0.03050020
0.04100676
0.13138284
0.22804788
0.17658153
0.09392470
0.07411128
0.08487909
0.08418582
0.07442584
0.06240689
0.03454851
0.03691848
0.12864633
0.22625677
0.17952947
0.09950571
0.08164545
0.09640556
0.09609278
0.08167335
0.06335152
0.03120687
0.02337783
0.11013816
0.20589001
0.18926319
0.13149393
0.12165707
0.12794833
0.11852428
0.09153605
0.06151009
0.02013740
0.00000000
0.06583422
0.14723399
0.16103564
0.13755065
0.13140038
0.13076490
0.11397773
0.07997098
0.04268090
0.00000000
0.00000000
0.00765535
0.06599864
0.09019610
0.08692349
0.08503598
0.08215035
0.06596311
0.04010366
0.00532491
0.00000000
0.00000000
0.00000000
0.00000000
0.02420196
0.03383733
0.03612991
0.03224862
0.01888766
0.00000000
0.00000000
0.00000000
0.00000000
0.00000000
0.00000000
0.02606155
0.03580692
0.03304575
0.02859315
0.01648147
0.00000000
0.00000000
0.00000000
0.00000000
0.00566245
0.05431289
0.09043799
0.08431500
0.06716839
0.06038173
0.05170416
0.03178516
0.00442287
0.00000000
0.00000000
0.04174155
0.10565230
0.14480057
0.11446787
0.08066057
0.07278217
0.06688803
0.05283726
0.03067661
0.00000000
0.01691414
0.06380099
0.14384001
0.19322200
0.12828566
0.07713903
0.07112192
0.07034884
0.05995440
0.04517431
0.01602487
0.02846958
0.07971468
0.18399873
0.24321203
0.14253582
0.07305609
0.07013691
0.07429304
0.06390432
0.05335760
0.02791765
0.03190549
0.08820912
0.21007265
0.26716283
0.14562100
0.06632365
0.06814001
0.07818397
0.06852608
0.05689116
0.03120580
0.02914740
0.08763878
0.21052271
0.26643679
0.14620060
0.06861388
0.07316716
0.08382593
0.07180006
0.05651195
0.02870790
0.01840591
0.07638706
0.18458463
0.24617140
0.15828069
0.09544519
0.09394234
0.09501737
0.07549623
0.05281728
0.01759748
0.00000000
0.04887650
0.12959908
0.18521644
0.14518304
0.10763209
0.10051917
0.09152210
0.06605073
0.03614241
0.00000000
0.00000000
0.00595316
0.06058149
0.10215739
0.09210104
0.07209264
0.06649318
0.05781690
0.03504485
0.00472122
0.00000000
0.00000000
0.00000000
0.00000000
0.02717801
0.03617440
0.03261847
0.02884471
0.01703688
0.00000000
0.00000000
0.00000000
0.00000000
0.00000000
0.00000000
0.02695552
0.03770617
0.03002200
0.02451726
0.01462439
0.00000000
0.00000000
0.00000000
0.00000000
0.00432791
0.04410274
0.09351543
0.08963966
0.05924978
0.04983140
0.04368502
0.02832821
0.00390075
0.00000000
0.00000000
0.03006160
0.08275311
0.15504660
0.12821259
0.07171325
0.05792124
0.05783782
0.04681975
0.02770484
0.00000000
0.01481418
0.04454283
0.11343947
0.21663973
0.16050531
0.07164127
0.05697278
0.06249728
0.05528091
0.04094587
0.01483947
0.02479448
0.05217320
0.13783030
0.27729091
0.19094254
0.06954613
0.05569409
0.06634051
0.06086573
0.04891953
0.02550595
0.02801951
0.05689955
0.15918173
0.31604657
0.20604767
0.06599468
0.05492766
0.07109454
0.06469387
0.05253761
0.02918772
0.02540035
0.05677746
0.15961879
0.30839178
0.20022047
0.06530353
0.05664293
0.07322685
0.06568524
0.05128400
0.02621862
0.01544020
0.05065928
0.13668390
0.25909343
0.18447980
0.07834122
0.06538941
0.07468666
0.06324445
0.04520438
0.01547307
0.00000000
0.03336307
0.09931788
0.18493010
0.14922605
0.08390532
0.06977646
0.06930040
0.05464281
0.03029537
0.00000000
0.00000000
0.00446526
0.04821679
0.10372631
0.09592995
0.06077390
0.05233782
0.04754037
0.03006325
0.00410561
0.00000000
0.00000000
0.00000000
0.00000000
0.02827488
0.03864145
0.02988576
0.02477279
0.01506225
0.00000000
0.00000000
0.00000000
