# Blinking sequence for the LEDs

BODY/1 LIGHT/1 LED/8   VELOCITY/2
                     
0	0		1	0	0	0	0	0	0	0 	0 0 #One
0	0		0	0	0	0	0	0	0	0 	0 0
0	0		0	0	0	0	0	0	0	0 	0 0
0	0		0	0	0	0	0	0	0	0 	0 0
0	0		1	0	0	0	0	0	0	0 	0 0 #Two
0	0		0 0	0	0	0	0	0	0 	0 0
0	0		0	0	0	0	0	0	0	0 	0 0
0	0		0 0	0	0	0	0	0	0 	0 0
0	0		1	0	0	0	0	0	0	0 	0 0 #Three
0	0		0	0	0	0	0	0	0	0 	0 0
0	0		0	0	0	0	0	0	0	0 	0 0
0	0		0	0	0	0	0	0	0	0 	0 0
0	0		1	0	0	0	0	0	0	0 	0 0 #Four
0	0		0 0	0	0	0	0	0	0 	0 0
0	0		0	0	0	0	0	0	0	0 	0 0
0	0		0 0	0	0	0	0	0	0 	0 0
0	0		1	0	0	0	0	0	0	0 	0 0 #One
0	0		0	0	0	0	0	0	0	0 	0 0
0	0		0	0	0	0	0	0	0	0 	0 0
0	0		0	0	0	0	0	0	0	0 	0 0
0	0		1	0	0	0	0	0	0	0 	0 0 #Two
0	0		0 0	0	0	0	0	0	0 	0 0
0	0		0	0	0	0	0	0	0	0 	0 0
0	0		0 0	0	0	0	0	0	0 	0 0
0	0		1	0	0	0	0	0	0	0 	0 0 #Three
0	0		0	0	0	0	0	0	0	0 	0 0
0	0		0	0	0	0	0	0	0	0 	0 0
0	0		0	0	0	0	0	0	0	0 	0 0
0	0		1	0	0	0	0	0	0	0 	0 0 #Four
0	0		0 0	0	0	0	0	0	0 	0 0
0	0		0	0	0	0	0	0	0	0 	0 0
0	0		0 0	0	0	0	0	0	0 	0 0
0	0		0 0	0	0	0	0	0	0 	0 0 # ALL Oboard
0	0		0 0	0	0	0	0	0	0 	0 0
0	0		0 0	0	0	0	0	0	0 	0 0
0	0		0 0	0	0	0	0	0	0 	0 0
0	0		0 0	0	0	0	0	0	0 	0 0
0	0		0 0	0	0	0	0	0	0 	0 0
0	0		0 0	0	0	0	0	0	0 	0 0
0	0		0 0	0	0	0	0	0	0 	0 0
0	0		0 0	0	0	0	0	0	0 	0 0
0	0		0 0	0	0	0	0	0	0 	0 0
0	0		0 0	0	0	0	0	0	0 	0 0
0	0		0 0	0	0	0	0	0	0 	0 0
0	0		0 0	0	0	0	0	0	0 	0 0
0	0		0 0	0	0	0	0	0	0 	0 0
0	0		0 0	0	0	0	0	0	0 	0 0
0	0		0 0	0	0	0	0	0	0 	0 0
0	0		0 0	0	0	0	0	0	0 	0 0
0	0		0 0	0	0	0	0	0	0 	0 0
0	0		0 0	0	0	0	0	0	0 	0 0
0	0		0 0	0	0	0	0	0	0 	0 0
0	0		0 0	0	0	0	0	0	0 	0 0
0	0		0 0	0	0	0	0	0	0 	0 0
0	0		0 0	0	0	0	0	0	0 	0 0
0	0		0 0	0	0	0	0	0	0 	0 0
0	0		0 0	0	0	0	0	0	0 	0 0
0	0		0 0	0	0	0	0	0	0 	0 0
0	0		0 0	0	0	0	0	0	0 	0 0
0	0		0 0	0	0	0	0	0	0 	0 0
0	0		0 0	0	0	0	0	0	0 	0 0
0	0		0 0	0	0	0	0	0	0 	0 0
0	0		0 0	0	0	0	0	0	0 	0 0
0	0		0 0	0	0	0	0	0	0 	0 0
0	0		0 0	0	0	0	0	0	0 	0 0
0	0		0 0	0	0	0	0	0	0 	0 0
0	0		0 0	0	0	0	0	0	0 	0 0
0	0		0 0	0	0	0	0	0	0 	0 0
0	0		0 0	0	0	0	0	0	0 	0 0
0	0		0 0	0	0	0	0	0	0 	0 0
0	0		0 0	0	0	0	0	0	0 	0 0
0	0		0 0	0	0	0	0	0	0 	0 0
0	0		0 0	0	0	0	0	0	0 	0 0
0	0		0 0	0	0	0	0	0	0 	0 0
0	0		0 0	0	0	0	0	0	0 	0 0
0	0		0 0	0	0	0	0	0	0 	0 0
0	0		0 0	0	0	0	0	0	0 	0 0
0	0		1 1	1	1	1 1	1	1 	0 0 # SONG START 1      #One   
0	0		1 1	1	1	1	1	1	1 	0 0                            
0	0		1 1	1	1	1	1	1	1 	0 0                            
0	0		1 1	1	1	1	1	1	1 	0 0                            
0	0		0 1	1	1	1	1	1	0 	0 0                     #Two   
0	0		0 1	1	1	1	1	1	0 	0 0                            
0	0		0 1	1	1	1	1	1	0 	0 0                            
0	0		0 1	1	1	1	1	1	0 	0 0                            
0	0		0 0	1	1	1 1	0	0 	0 0                     #Three 
0	0		0 0	1	1	1	1	0	0 	0 0                            
0	0		0 0	1	1	1	1	0	0 	0 0                            
0	0		0 0	1	1	1	1	0	0 	0 0                            
0	0		0 0	0	1	1	0	0	0 	0 0                     #Four  
0	0		0 0	0	1	1	0	0	0 	0 0                            
0	0		0 0	0	1	1	0	0	0 	0 0                            
0	0		0 0	0	1	1	0	0	0 	0 0                            
0	0		0 0	1	0 0 1	0 0  	0 0                     #One   
0	0		0 0	1	0	0	1	0	0 	0 0                            
0	0		0 0 1	0	0	1	0	0	 	0 0                            
0	0		0 0	1	0	0	1	0	0 	0 0                            
0	0		0 1	0	0 0	0	1	0 	0 0                     #Two   
0	0		0 1	0	0 0 0	1	0 	0 0                            
0	0		0 1	0	0	0	0	1	0 	0 0                            
0	0		0 1	0 0	0	0 1	0 	0 0                            
0	0		1 0	0	0	0 0	0	1 	0 0                     #Three 
0	0		1 0	0	0	0	0	0	1 	0 0                            
0	0		1 0	0	0	0	0	0	1 	0 0                            
0	0		1 0	0	0	0	0	0	1 	0 0                            
0	0		0 1	0	0	0	0	1	0 	0 0                     #Four  
0	0		0 1	0	0	0	0	1	0 	0 0                            
0	0		0 1	0	0	0	0	1	0 	0 0                            
0	0		0 1	0	0	0	0	1	0 	0 0                            
0	0		0 0	1	0	0 1	0	0 	0 0                     #One   
0	0		0 0	1	0	0	1	0	0 	0 0                            
0	0		0 0	1	0	0	1	0	0 	0 0                            
0	0		0 0	1	0	0	1	0	0 	0 0                            
0	0		0 0	0	1	1	0	0	0 	0 0                     #Two   
0	0		0 0	0	1	1	0	0	0 	0 0                            
0	0		0 0	0	1	1	0	0	0 	0 0                            
0	0		0 0	0	1	1	0	0	0 	0 0                            
0	0		0 0	1	0 0 1	0 0  	0 0                     #Three 
0	0		0 0	1	0	0	1	0	0 	0 0                            
0	0		0 0 1	0	0	1	0	0	 	0 0                            
0	0		0 0	1	0	0	1	0	0 	0 0                            
0	0		0 1	0	0 0	0	1	0 	0 0                     #Four  
0	0		0 1	0	0 0 0	1	0 	0 0                            
0	0		0 1	0	0	0	0	1	0 	0 0                            
0	0		0 1	0 0	0	0 1	0 	0 0                            
0	0		1 0	0	0	0 0	0	1 	0 0                     #One   
0	0		1 0	0	0	0	0	0	1 	0 0                            
0	0		1 0	0	0	0	0	0	1 	0 0                            
0	0		1 0	0	0	0	0	0	1 	0 0                            
0	0		0 1	0	0	0	0	1	0 	0 0                     #Two   
0	0		0 1	0	0	0	0	1	0 	0 0                            
0	0		0 1	0	0	0	0	1	0 	0 0                            
0	0		0 1	0	0	0	0	1	0 	0 0                            
0	0		0 0	1	0	0 1	0	0 	0 0                     #Three 
0	0		0 0	1	0	0	1	0	0 	0 0                            
0	0		0 0	1	0	0	1	0	0 	0 0                            
0	0		0 0	1	0	0	1	0	0 	0 0                            
0	0		0 0	0	1	1	0	0	0 	0 0                     #Four  
0	0		0 0	0	1	1	0	0	0 	0 0                            
0	0		0 0	0	1	1	0	0	0 	0 0                            
0	0		0 0	0	1	1	0	0	0 	0 0                            
0	1		1 0	0	0	0	0	0	0 	-0.8 0.8                #One          Verse Everybody doing
1	0		0 0	0	0	0	0	0	0 	-0.8 0.8                       
0	1		1 0	0	0	0	0	0	0 	-0.8 0.8                       
1	0 	0 0	0	0	0	0	0	0 	-0.8 0.8                       
0	1		1 0	0	0	0	0	0	0 	-0.8 0.8                #Two   
1	0		0 0	0	0	0	0	0	0 	-0.8 0.8                       
0	1		1 0	0	0	0	0	0	0 	-0.8 0.8                       
1	0		0 0	0	0	0	0	0	0 	-0.8 0.8                       
0	1		1 0	0	0	0	0	0	0 	-0.8 0.8                #Three 
1	0		0 0	0	0	0	0	0	0 	-0.8 0.8                       
0	1		0 0	0	0	0	0	0	0 	-0.8 0.8                       
1	0		0 0	0	0	0	0	0	0 	-0.8 0.8                       
0	1		0 0	0	0	0	0	0	0 	-0.8 0.8                #Four  
1	0		0 0	0	0	0	0	0	0 	-0.8 0.8                       
0	1		0 0	0	0	0	0	0	0 	-0.8 0.8                       
1	0		0 0	0	0	0	0	0	0 	-0.8 0.8                       
0	1		0 0	0	0	0	0	0	0 	0.8 -0.8                #One   
1	0		0 0	0	0	0	0	0	0 	0.8 -0.8                       
0	1		0 0	0	0	0	0	0	0 	0.8 -0.8                       
1	0		0 0	0	0	0	0	0	0 	0.8 -0.8                       
0	1		0 0	0	0	0	0	0	0 	0.8 -0.8                #Two   
1	0		0 0	0	0	0	0	0	0 	0.8 -0.8                       
0	1		0 0	0	0	0	0	0	0 	0.8 -0.8                       
1	0		0 0	0	0	0	0	0	0 	0.8 -0.8                       
0	1		0 0	0	0	0	0	0	0 	0.8 -0.8                #Three 
1	0		0 0	0	0	0	0	0	0 	0.8 -0.8                       
0	1		0 0	0	0	0	0	0	0 	0.8 -0.8                       
1	0		0 0	0	0	0	0	0	0 	0.8 -0.8                       
0	1		0 0	0	0	0	0	0	0 	0.8 -0.8                #Four  
1	0		0 0	0	0	0	0	0	0 	0.8 -0.8                       
0	1		0 0	0	0	0	0	0	0 	0.8 -0.8                       
1	0		0 0	0	0	0	0	0	0 	0.8 -0.8                       
0	0		1 0	0	0	0	0	1	0 	0.2 0.2                 #One   
0	0		0 1	0	0	0	0	0	1 	0.2 0.2                        
0	0		1 0	0	0	0	0 1	0 	0.2 0.2                        
0	0		0 1	0	0	0	0	0	1 	0.2 0.2                        
0	0		1 0	0	0	0	0	1	0 	0.2 0.2                 #Two   
0	0		0 1	0	0	0	0	0	1 	0.2 0.2                        
0	0		1 0	0	0	0	0 1	0 	0.2 0.2                        
0	0		0 1	0	0	0	0	0	1 	0.2 0.2                        
0	0		1 0	0	0	0	0	1	0 	0.2 0.2                 #Three 
0	0		0 1	0	0	0	0	0	1 	0.2 0.2                        
0	0		1 0	0	0	0	0 1	0 	0.2 0.2                        
0	0		0 1	0	0	0	0	0	1 	0.2 0.2                        
0	0		1 0	0	0	0	0	1	0 	0.8 -0.8                 #Four  
0	0		0 1	0	0	0	0	0	1 	-0.8 0.8                        
0	0		1 0	0	0	0	0 1	0 	0.8 -0.8                        
0	0		0 1	0	0	0	0	0	1 	-0.8 0.8                        
0	0		1 0	0	0	0	0	1	0 	0.8 -0.8                #One   
0	0		0 1	0	0	0	0	0	1 	-0.8 0.8                       
0	0		1 0	0	0	0	0 1	0 	0.8 -0.8                       
0	0		0 1	0	0	0	0	0	1 	-0.8 0.8                       
0	0		1 0	0	0	0	0	1	0 	0.8 -0.8                #Two   
0	0		0 1	0	0	0	0	0	1 	-0.8 0.8                       
0	0		1 0	0	0	0	0 1	0 	0.8 -0.8                       
0	0		0 1	0	0	0	0	0	1 	-0.8 0.8                       
0	0		1 0	0	0	0	0	1	0 	0.8 -0.8                #Three 
0	0		0 1	0	0	0	0	0	1 	-0.8 0.8                       
0	0		1 0	0	0	0	0 1	0 	0.8 -0.8                       
0	0		0 1	0	0	0	0	0	1 	-0.8 0.8                       
0	0		1 0	0	0	0	0	1	0 	0.8 -0.8                #Four  
0	0		0 1	0	0	0	0	0	1 	-0.8 0.8
0	0		1 0	0	0	0	0 1	0 	0.8 -0.8
0	0		0 1	0	0	0	0	0	1 	-0.8 0.8
0	1		1 0	0	0	0	0	0	0 	-0.8 0.8                #One        
1	0		0 0	0	0	0	0	0	0 	-0.8 0.8                            
0	1		1 0	0	0	0	0	0	0 	-0.8 0.8                            
1	0 	0 0	0	0	0	0	0	0 	-0.8 0.8                            
0	1		1 0	0	0	0	0	0	0 	-0.8 0.8                #Two        
1	0		0 0	0	0	0	0	0	0 	-0.8 0.8                            
0	1		1 0	0	0	0	0	0	0 	-0.8 0.8                            
1	0		0 0	0	0	0	0	0	0 	-0.8 0.8                            
0	1		1 0	0	0	0	0	0	0 	-0.8 0.8                #Three      
1	0		0 0	0	0	0	0	0	0 	-0.8 0.8                            
0	1		0 0	0	0	0	0	0	0 	-0.8 0.8                            
1	0		0 0	0	0	0	0	0	0 	-0.8 0.8                            
0	1		0 0	0	0	0	0	0	0 	-0.8 0.8                #Four       
1	0		0 0	0	0	0	0	0	0 	-0.8 0.8                            
0	1		0 0	0	0	0	0	0	0 	-0.8 0.8                            
1	0		0 0	0	0	0	0	0	0 	-0.8 0.8                            
0	1		0 0	0	0	0	0	0	0 	0.8 -0.8                #One        
1	0		0 0	0	0	0	0	0	0 	0.8 -0.8                            
0	1		0 0	0	0	0	0	0	0 	0.8 -0.8                            
1	0		0 0	0	0	0	0	0	0 	0.8 -0.8                            
0	1		0 0	0	0	0	0	0	0 	0.8 -0.8                #Two        
1	0		0 0	0	0	0	0	0	0 	0.8 -0.8                            
0	1		0 0	0	0	0	0	0	0 	0.8 -0.8                            
1	0		0 0	0	0	0	0	0	0 	0.8 -0.8                            
0	1		0 0	0	0	0	0	0	0 	0.8 -0.8                #Three      
1	0		0 0	0	0	0	0	0	0 	0.8 -0.8                            
0	1		0 0	0	0	0	0	0	0 	0.8 -0.8                            
1	0		0 0	0	0	0	0	0	0 	0.8 -0.8                            
0	1		0 0	0	0	0	0	0	0 	0.8 -0.8                #Four       
1	0		0 0	0	0	0	0	0	0 	0.8 -0.8                            
0	1		0 0	0	0	0	0	0	0 	0.8 -0.8                            
1	0		0 0	0	0	0	0	0	0 	0.8 -0.8                            
0	0		1 0	0	0	0	0	1	0 	0.2 0.2                 #One        
0	0		0 1	0	0	0	0	0	1 	0.2 0.2                             
0	0		1 0	0	0	0	0 1	0 	0.2 0.2                             
0	0		0 1	0	0	0	0	0	1 	0.2 0.2                             
0	0		1 0	0	0	0	0	1	0 	0.2 0.2                 #Two        
0	0		0 1	0	0	0	0	0	1 	0.2 0.2                             
0	0		1 0	0	0	0	0 1	0 	0.2 0.2                             
0	0		0 1	0	0	0	0	0	1 	0.2 0.2                             
0	0		1 0	0	0	0	0	1	0 	0.2 0.2                 #Three      
0	0		0 1	0	0	0	0	0	1 	0.2 0.2                             
0	0		1 0	0	0	0	0 1	0 	0.2 0.2                             
0	0		0 1	0	0	0	0	0	1 	0.2 0.2                             
0	0		1 0	0	0	0	0	1	0 	0.8 -0.8                 #Four       
0	0		0 1	0	0	0	0	0	1 	-0.8 0.8                             
0	0		1 0	0	0	0	0 1	0 	0.8 -0.8                             
0	0		0 1	0	0	0	0	0	1 	-0.8 0.8                             
0	0		1 0	0	0	0	0	1	0 	0.8 -0.8                #One        
0	0		0 1	0	0	0	0	0	1 	-0.8 0.8                            
0	0		1 0	0	0	0	0 1	0 	0.8 -0.8                            
0	0		0 1	0	0	0	0	0	1 	-0.8 0.8                            
0	0		1 0	0	0	0	0	1	0 	0.8 -0.8                #Two        
0	0		0 1	0	0	0	0	0	1 	-0.8 0.8                            
0	0		1 0	0	0	0	0 1	0 	0.8 -0.8                            
0	0		0 1	0	0	0	0	0	1 	-0.8 0.8                            
0	0		1 0	0	0	0	0	1	0 	0.8 -0.8                #Three      
0	0		0 1	0	0	0	0	0	1 	-0.8 0.8                            
0	0		1 0	0	0	0	0 1	0 	0.8 -0.8                            
0	0		0 1	0	0	0	0	0	1 	-0.8 0.8                            
0	0		1 0	0	0	0	0	1	0 	0.8 -0.8                #Four       
0	0		0 1	0	0	0	0	0	1 	-0.8 0.8                            
0	0		1 0	0	0	0	0 1	0 	0.8 -0.8                            
0	0		0 1	0	0	0	0	0	1 	-0.8 0.8                             
0	0		0 0	0	0	1	0	0	1 	-0.0 0.0                #One    # Stick
0	0		0 0	0	0	0	0	0	0 	-0.0 -0.0                        
0	0		0 0	0	0	0	0	0	0 	-0.0 -0.0                        
0	0		0 0	0	0	0	0	0	0 	-0.0 -0.0                        
0	0		0 0	0	0	1	1	0	1 	-0.0 -0.0                #Two    
0	0		0 0	0	0	0	0	0	0 	-0.0 -0.0                 
0	0		0 0	0	0	0	0	0	0 	-0.0 -0.0                        
0	0		0 0	0	0	0	0	0	0 	-0.0 -0.0                        
0	0		1	0	1	0	0	0	0	0 	-0.0 -0.0                #Three  
0	0		0	0	0	0	0	0	0	0 	-0.0 -0.0                        
0	0		0	0	0	0	0	0	0	0 	-0.0 -0.0                        
0	0		0	0	0	0	0	0	0	0 	-0.0 -0.0                        
0	0		1	0	1	0	0	0	0	0 	-0.0 -0.0                #Four   
0	0		0 0	0	0	0	0	0	0 	-0.0 -0.0 
0	0		0 0	0	0	0	0	0	0 	-0.0 -0.0                        
0	0		0 0	0	0	0	0	0	0 	-0.0 -0.0                        
0	0		0 0	0	0	0	1	0	1 	-0.0 0.0                #One    
0	0		0 0	0	0	0	0	0	0 	-0.0 0.0                        
0	0		0 0	0	0	0	0	0	0 	-0.0 0.0                        
0	0		0 0	0	0	0	0	0	0 	-0.0 0.0                        
0	0		0 0	0	0	0	1	0	1 	-0.0 0.0                #Two    
0	0		0 0	0	0	0	0	0	0 	-0.0 0.0 
0	0		0 0	0	0	0	0	0	0 	-0.0 0.0                        
0	0		0 0	0	0	0	0	0	0 	-0.0 0.0                        
0	0		1	0	1	0	0	0	0	0 	-0.0 0.0                #Three  
0	0		0	0	0	0	0	0	0	0 	-0.0 0.0                        
0	0		0	0	0	0	0	0	0	0 	-0.0 0.0                        
0	0		0	0	0	0	0	0	0	0 	-0.0 0.0                        
0	0		1	0	1	0	0	0	0	0 	-0.0 0.0                #Four   
0	0		0 0	0	0	0	0	0	0 	-0.0 0.0 
0	0		0 0	0	0	0	0	0	0 	-0.0 0.0                        
0	0		0 0	0	0	0	0	0	0 	-0.0 0.0                        
0	0		0 0	0	0	0	1	0	1 	0.0 -0.0                #One    
0	0		0 0	0	0	0	0	0	0 	0.0 -0.0                        
0	0		0 0	0	0	0	0	0	0 	0.0 -0.0                        
0	0		0 0	0	0	0	0	0	0 	0.0 -0.0                        
0	0		0 0	0	0	0	1	0	1 	0.0 -0.0                #Two    
0	0		0 0	0	0	0	0	0	0 	0.0 -0.0 
0	0		0 0	0	0	0	0	0	0 	0.0 -0.0                        
0	0		0 0	0	0	0	0	0	0 	0.0 -0.0                        
0	0		1	0	1	0	0	0	0	0 	0.0 -0.0                #Three  
0	0		0	0	0	0	0	0	0	0 	0.0 -0.0                        
0	0		0	0	0	0	0	0	0	0 	0.0 -0.0                        
0	0		0	0	0	0	0	0	0	0 	0.0 -0.0                        
0	0		1	0	1	0	0	0	0	0 	0.0 -0.0                #Four   
0	0		0 0	0	0	0	0	0	0 	0.0 -0.0 
0	0		0 0	0	0	0	0	0	0 	0.0 -0.0                        
0	0		0 0	0	0	0	0	0	0 	0.0 -0.0                        
0	0		0 0	0	0	0	1	0	1 	0.0 -0.0                #One    
0	0		0 0	0	0	0	0	0	0 	0.0 -0.0                        
0	0		0 0	0	0	0	0	0	0 	0.0 -0.0                        
0	0		0 0	0	0	0	0	0	0 	0.0 -0.0                        
0	0		0 0	0	0	0	1	0	1 	0.0 -0.0                #Two    
0	0		0 0	0	0	0	0	0	0 	0.0 -0.0                 
0	0		0 0	0	0	0	0	0	0 	0.0 -0.0                        
0	0		0 0	0	0	0	0	0	0 	0.0 -0.0                        
0	0		1	0	1	0	0	0	0	0 	0.0 -0.0                #Three  
0	0		0	0	0	0	0	0	0	0 	0.0 -0.0                        
0	0		0	0	0	0	0	1	0	1 	0.0 -0.0                        
0	0		0	0	0	0	0	0	0	0 	0.0 -0.0                        
0	0		1	0	1	0	0	0	0	0 	0.0 -0.0                #Four   
0	0		0 0	0	0	0	0	0	0 	0.0 -0.0
0	0		0 0	0	0	0	1	0	1 	0.0 -0.0
0	0		0 0	0	0	0	0	0	0 	0.0 -0.0                                               
0	0		1 1	1	1	1	1	1	1 	0.2 -0.2 # Chorus      #One   
0	0		0 0	0	0	0	0	0	0 	-0.2 0.2                      
0	0		1 1	1	1	1	1	1	1 	0.2 -0.2                      
0	0		0 0	0	0	0	0	0	0 	-0.2 0.2                      
0	0		1 1	1	1	1	1	1	1 	0.2 -0.2               #Two   
0	0		0 0	0	0	0	0	0	0 	-0.2 0.2                      
0	0		1 1	1	1	1	1	1	1 	0.2 -0.2                      
0	0		0 0	0	0	0	0	0	0 	-0.2 0.2                      
0	0		1 1	1	1	1	1	1	1 	0.2 -0.2 # Chorus      #Three 
0	0		0 0	0	0	0	0	0	0 	-0.2 0.2                      
0	0		1 1	1	1	1	1	1	1 	0.2 -0.2                      
0	0		0 0	0	0	0	0	0	0 	-0.2 0.2                      
0	0		1 1	1	1	1	1	1	1 	0.2 -0.2               #Four  
0	0		0 0	0	0	0	0	0	0 	-0.2 0.2                      
0	0		1 1	1	1	1	1	1	1 	0.2 -0.2                      
0	0		0 0	0	0	0	0	0	0 	-0.2 0.2                      
0	0		1 1	1	1	1	1	1	1 	0.2 -0.2 # Chorus      #One          
0	0		0 0	0	0	0	0	0	0 	-0.2 0.2                      
0	0		1 1	1	1	1	1	1	1 	0.2 -0.2                      
0	0		0 0	0	0	0	0	0	0 	-0.2 0.2                      
0	0		1 1	1	1	1	1	1	1 	0.2 -0.2               #Two   
0	0		0 0	0	0	0	0	0	0 	-0.2 0.2                      
0	0		1 1	1	1	1	1	1	1 	0.2 -0.2                      
0	0		0 0	0	0	0	0	0	0 	-0.2 0.2                      
0	0		1 1	1	1	1	1	1	1 	0.2 -0.2 # Chorus      #Three 
0	0		0 0	0	0	0	0	0	0 	-0.2 0.2                      
0	0		1 1	1	1	1	1	1	1 	0.2 -0.2                      
0	0		0 0	0	0	0	0	0	0 	-0.2 0.2                      
0	0		1 1	1	1	1	1	1	1 	0.2 -0.2               #Four  
0	0		0 0	0	0	0	0	0	0 	-0.2 0.2                      
0	0		1 1	1	1	1	1	1	1 	0.2 -0.2                      
0	0		0 0	0	0	0	0	0	0 	-0.2 0.2                      
0	0		1 1	1	1	1 1	1	1 	1 0 # Verse 5          #One    You got to swing your hips now
0	0		0 0	0	0	0 0	0	0 	1 0                           
0	0		0 0	0	0	0 0	0	0 	1 1                           
0	0		0 0	0	0	0 0	0	0 	1 1                           
0	0		1 1	1	1	1 1	1	1 	0 1                    #Two   
0	0		0 0	0	0	0 0	0	0 	0 1                           
0	0		0 0	0	0	0 0	0	0 	1 1                           
0	0		0 0	0	0	0 0	0	0 	1 1                           
0	0		1 1	1	1	1 1	1	1 	1 0 # Verse 5          #Three 
0	0		0 0	0	0	0 0	0	0 	1 0                           
0	0		0 0	0	0	0 0	0	0 	1 1                           
0	0		0 0	0	0	0 0	0	0 	1 1                           
0	0		1 1	1	1	1 1	1	1 	0 1                    #Four  
0	0		0 0	0	0	0 0	0	0 	0 1                           
0	0		0 0	0	0	0 0	0	0 	1 1                           
0	0		0 0	0	0	0 0	0	0 	1 1                           
0	0		1 1	1	1	1 1	1	1 	1 0 # Verse 5         #One          
0	0		0 0	0	0	0 0	0	0 	1 0                         
0	0		0 0	0	0	0 0	0	0 	1 1                         
0	0		0 0	0	0	0 0	0	0 	1 1                         
0	0		1 1	1	1	1 1	1	1 	0 1                   #Two  
0	0		0 0	0	0	0 0	0	0 	0 1                         
0	0		0 0	0	0	0 0	0	0 	1 1                         
0	0		0 0	0	0	0 0	0	0 	1 1                         
0	0		1 1	1	1	1 1	1	1 	1 0 # Verse 5         #Three
0	0		0 0	0	0	0 0	0	0 	1 0                         
0	0		0 0	0	0	0 0	0	0 	1 1                         
0	0		0 0	0	0	0 0	0	0 	1 1                         
0	0		1 1	1	1	1 1	1	1 	0 1                   #Four 
0	0		0 0	0	0	0 0	0	0 	0 1 
0	0		0 0	0	0	0 0	0	0 	1 1 
0	0		0 0	0	0	0 0	0	0 	1 1 
0	0		1 1	1	1	1 1	1	1 	-0 -1 # Verse 5        #One  
0	0		0 0	0	0	0 0	0	0 	-0 -1                        
0	0		0 0	0	0	0 0	0	0 	-1 -1                        
0	0		0 0	0	0	0 0	0	0 	-1 -1                        
0	0		1 1	1	1	1 1	1	1 	-1 -0                  #Two  
0	0		0 0	0	0	0 0	0	0 	-1 -0                        
0	0		0 0	0	0	0 0	0	0 	-1 -1                        
0	0		0 0	0	0	0 0	0	0 	-1 -1                        
0	0		1 1	1	1	1 1	1	1 	-0 -1 # Verse 5        #Three
0	0		0 0	0	0	0 0	0	0 	-0 -1                        
0	0		0 0	0	0	0 0	0	0 	-1 -1                        
0	0		0 0	0	0	0 0	0	0 	-1 -1                        
0	0		1 1	1	1	1 1	1	1 	-1 -0                  #Four 
0	0		0 0	0	0	0 0	0	0 	-1 -0                        
0	0		0 0	0	0	0 0	0	0 	-1 -1                        
0	0		0 0	0	0	0 0	0	0 	-1 -1                        
0	0		1 1	1	1	1 1	1	1 	-0 -1 # Verse 5       #One   
0	0		0 0	0	0	0 0	0	0 	-0 -1                        
0	0		0 0	0	0	0 0	0	0 	-1 -1                        
0	0		0 0	0	0	0 0	0	0 	-1 -1                        
0	0		1 1	1	1	1 1	1	1 	-1 -0                 #Two   
0	0		0 0	0	0	0 0	0	0 	-1 -0                        
0	0		0 0	0	0	0 0	0	0 	-1 -1                        
0	0		0 0	0	0	0 0	0	0 	-1 -1                        
0	0		1 1	1	1	1 1	1	1 	-0 -1 # Verse 5       #Three 
0	0		0 0	0	0	0 0	0	0 	-0 -1                        
0	0		0 0	0	0	0 0	0	0 	-1 -1                        
0	0		0 0	0	0	0 0	0	0 	-1 -1                        
0	0		1 1	1	1	1 1	1	1 	-1 -0                 #Four  
0	0		0 0	0	0	0 0	0	0 	-1 -0 
0	0		0 0	0	0	0 0	0	0 	-1 -1 
0	0		0 0	0	0	0 0	0	0 	-1 -1 
0	0		1 1	1	1	1 1	1	1 	1 0 # Verse 5          #One  
0	0		0 0	0	0	0 0	0	0 	1 0                          
0	0		0 0	0	0	0 0	0	0 	1 1                          
0	0		0 0	0	0	0 0	0	0 	1 1                          
0	0		1 1	1	1	1 1	1	1 	0 1                    #Two  
0	0		0 0	0	0	0 0	0	0 	0 1                          
0	0		0 0	0	0	0 0	0	0 	1 1                          
0	0		0 0	0	0	0 0	0	0 	1 1                          
0	0		1 1	1	1	1 1	1	1 	1 0 # Verse 5          #Three
0	0		0 0	0	0	0 0	0	0 	1 0                          
0	0		0 0	0	0	0 0	0	0 	1 1                          
0	0		0 0	0	0	0 0	0	0 	1 1                          
0	0		1 1	1	1	1 1	1	1 	0 1                    #Four 
0	0		0 0	0	0	0 0	0	0 	0 1                          
0	0		0 0	0	0	0 0	0	0 	1 1                          
0	0		0 0	0	0	0 0	0	0 	1 1                          
0	0		1 1	1	1	1 1	1	1 	1 0 # Verse 5         #One   
0	0		0 0	0	0	0 0	0	0 	1 0                          
0	0		0 0	0	0	0 0	0	0 	1 1                          
0	0		0 0	0	0	0 0	0	0 	1 1                          
0	0		1 1	1	1	1 1	1	1 	0 1                   #Two   
0	0		0 0	0	0	0 0	0	0 	0 1                          
0	0		0 0	0	0	0 0	0	0 	1 1                          
0	0		0 0	0	0	0 0	0	0 	1 1                          
0	0		1 1	1	1	1 1	1	1 	1 0 # Verse 5         #Three 
0	0		0 0	0	0	0 0	0	0 	1 0                          
0	0		0 0	0	0	0 0	0	0 	1 1                          
0	0		0 0	0	0	0 0	0	0 	1 1                          
0	0		1 1	1	1	1 1	1	1 	0 1                   #Four  
0	0		0 0	0	0	0 0	0	0 	0 1                          
0	0		0 0	0	0	0 0	0	0 	1 1                          
0	0		0 0	0	0	0 0	0	0 	1 1                          
0	0		1 1	1	1	1 1	1	1 	-0 -1 # Verse 5        #One  
0	0		0 0	0	0	0 0	0	0 	-0 -1                        
0	0		0 0	0	0	0 0	0	0 	-1 -1                        
0	0		0 0	0	0	0 0	0	0 	-1 -1                        
0	0		1 1	1	1	1 1	1	1 	-1 -0                  #Two  
0	0		0 0	0	0	0 0	0	0 	-1 -0                        
0	0		0 0	0	0	0 0	0	0 	-1 -1                        
0	0		0 0	0	0	0 0	0	0 	-1 -1                        
0	0		1 1	1	1	1 1	1	1 	-0 -1 # Verse 5        #Three
0	0		0 0	0	0	0 0	0	0 	-0 -1                        
0	0		0 0	0	0	0 0	0	0 	-1 -1                        
0	0		0 0	0	0	0 0	0	0 	-1 -1                        
0	0		1 1	1	1	1 1	1	1 	-1 -0                  #Four 
0	0		0 0	0	0	0 0	0	0 	-1 -0                        
0	0		0 0	0	0	0 0	0	0 	-1 -1                        
0	0		0 0	0	0	0 0	0	0 	-1 -1                        
0	0		1 1	1	1	1 1	1	1 	-0 -1 # Verse 5       #One   
0	0		0 0	0	0	0 0	0	0 	-0 -1                        
0	0		0 0	0	0	0 0	0	0 	-1 -1                        
0	0		0 0	0	0	0 0	0	0 	-1 -1                        
#0	0		1 1	1	1	1 1	1	1 	-1 -0                 #Two   
#0	0		0 0	0	0	0 0	0	0 	-1 -0                        
#0	0		0 0	0	0	0 0	0	0 	-1 -1                        
#0	0		0 0	0	0	0 0	0	0 	-1 -1                        
#0	0		1 1	1	1	1 1	1	1 	-0 -1 # Verse 5       #Three 
#0	0		0 0	0	0	0 0	0	0 	-0 -1                        
#0	0		0 0	0	0	0 0	0	0 	-1 -1                        
#0	0		0 0	0	0	0 0	0	0 	-1 -1                        
#0	0		1 1	1	1	1 1	1	1 	-0 -1                 #Four  
#0	0		0 0	0	0	0 0	0	0 	-0 -1                        
#0	0		0 0	0	0	0 0	0	0 	-1 -1                        
#0	0		0 0	0	0	0 0	0	0 	-1 -1                        
0	1		1 0	0	0	0	0	0	0 	-0.8 0.8                #One       
1	0		0 0	0	0	0	0	0	0 	-0.8 0.8                           
0	1		1 0	0	0	0	0	0	0 	-0.8 0.8                           
1	0 	0 0	0	0	0	0	0	0 	-0.8 0.8                           
0	1		1 0	0	0	0	0	0	0 	-0.8 0.8                #Two       
1	0		0 0	0	0	0	0	0	0 	-0.8 0.8                           
0	1		1 0	0	0	0	0	0	0 	-0.8 0.8                           
1	0		0 0	0	0	0	0	0	0 	-0.8 0.8                           
0	1		1 0	0	0	0	0	0	0 	-0.8 0.8                #Three     
1	0		0 0	0	0	0	0	0	0 	-0.8 0.8                           
0	1		0 0	0	0	0	0	0	0 	-0.8 0.8                           
1	0		0 0	0	0	0	0	0	0 	-0.8 0.8                           
0	1		0 0	0	0	0	0	0	0 	-0.8 0.8                #Four      
1	0		0 0	0	0	0	0	0	0 	-0.8 0.8                           
0	1		0 0	0	0	0	0	0	0 	-0.8 0.8                           
1	0		0 0	0	0	0	0	0	0 	-0.8 0.8                           
0	1		0 0	0	0	0	0	0	0 	0.8 -0.8                #One       
1	0		0 0	0	0	0	0	0	0 	0.8 -0.8                           
0	1		0 0	0	0	0	0	0	0 	0.8 -0.8                           
1	0		0 0	0	0	0	0	0	0 	0.8 -0.8                           
0	1		0 0	0	0	0	0	0	0 	0.8 -0.8                #Two       
1	0		0 0	0	0	0	0	0	0 	0.8 -0.8                           
0	1		0 0	0	0	0	0	0	0 	0.8 -0.8                           
1	0		0 0	0	0	0	0	0	0 	0.8 -0.8                           
0	1		0 0	0	0	0	0	0	0 	0.8 -0.8                #Three     
1	0		0 0	0	0	0	0	0	0 	0.8 -0.8                           
0	1		0 0	0	0	0	0	0	0 	0.8 -0.8                           
1	0		0 0	0	0	0	0	0	0 	0.8 -0.8                           
0	1		0 0	0	0	0	0	0	0 	0.8 -0.8                #Four      
1	0		0 0	0	0	0	0	0	0 	0.8 -0.8                           
0	1		0 0	0	0	0	0	0	0 	0.8 -0.8                           
1	0		0 0	0	0	0	0	0	0 	0.8 -0.8                           
0	0		1 0	0	0	0	0	1	0 	0.2 0.2                 #One       
0	0		0 1	0	0	0	0	0	1 	0.2 0.2                            
0	0		1 0	0	0	0	0 1	0 	0.2 0.2                            
0	0		0 1	0	0	0	0	0	1 	0.2 0.2                            
0	0		1 0	0	0	0	0	1	0 	0.2 0.2                 #Two       
0	0		0 1	0	0	0	0	0	1 	0.2 0.2                            
0	0		1 0	0	0	0	0 1	0 	0.2 0.2                            
0	0		0 1	0	0	0	0	0	1 	0.2 0.2                            
0	0		1 0	0	0	0	0	1	0 	0.2 0.2                 #Three     
0	0		0 1	0	0	0	0	0	1 	0.2 0.2                            
0	0		1 0	0	0	0	0 1	0 	0.2 0.2                            
0	0		0 1	0	0	0	0	0	1 	0.2 0.2                            
0	0		1 0	0	0	0	0	1	0 	0.2 0.2                 #Four      
0	0		0 1	0	0	0	0	0	1 	0.2 0.2                            
0	0		1 0	0	0	0	0 1	0 	0.2 0.2                            
0	0		0 1	0	0	0	0	0	1 	0.2 0.2                            
0	0		1 0	0	0	0	0	1	0 	0.8 -0.8                #One       
0	0		0 1	0	0	0	0	0	1 	-0.8 0.8                           
0	0		1 0	0	0	0	0 1	0 	0.8 -0.8                           
0	0		0 1	0	0	0	0	0	1 	-0.8 0.8                           
0	0		1 0	0	0	0	0	1	0 	0.8 -0.8                #Two       
0	0		0 1	0	0	0	0	0	1 	-0.8 0.8                           
0	0		1 0	0	0	0	0 1	0 	0.8 -0.8                           
0	0		0 1	0	0	0	0	0	1 	-0.8 0.8                           
0	0		1 0	0	0	0	0	1	0 	0.8 -0.8                #Three     
0	0		0 1	0	0	0	0	0	1 	-0.8 0.8                           
0	0		1 0	0	0	0	0 1	0 	0.8 -0.8                           
0	0		0 1	0	0	0	0	0	1 	-0.8 0.8                           
0	0		1 0	0	0	0	0	1	0 	0.8 -0.8                #Four      
0	0		0 1	0	0	0	0	0	1 	-0.8 0.8                           
0	0		1 0	0	0	0	0 1	0 	0.8 -0.8                           
0	0		0 1	0	0	0	0	0	1 	-0.8 0.8                           
0	1		1 0	0	0	0	0	0	0 	-0.8 0.8                #One       
1	0		0 0	0	0	0	0	0	0 	-0.8 0.8                           
0	1		1 0	0	0	0	0	0	0 	-0.8 0.8                           
1	0 	0 0	0	0	0	0	0	0 	-0.8 0.8                           
0	1		1 0	0	0	0	0	0	0 	-0.8 0.8                #Two       
1	0		0 0	0	0	0	0	0	0 	-0.8 0.8                           
0	1		1 0	0	0	0	0	0	0 	-0.8 0.8                           
1	0		0 0	0	0	0	0	0	0 	-0.8 0.8                           
0	1		1 0	0	0	0	0	0	0 	-0.8 0.8                #Three     
1	0		0 0	0	0	0	0	0	0 	-0.8 0.8                           
0	1		0 0	0	0	0	0	0	0 	-0.8 0.8                           
1	0		0 0	0	0	0	0	0	0 	-0.8 0.8                           
0	1		0 0	0	0	0	0	0	0 	-0.8 0.8                #Four      
1	0		0 0	0	0	0	0	0	0 	-0.8 0.8                           
0	1		0 0	0	0	0	0	0	0 	-0.8 0.8                           
1	0		0 0	0	0	0	0	0	0 	-0.8 0.8                           
0	1		0 0	0	0	0	0	0	0 	0.8 -0.8                #One       
1	0		0 0	0	0	0	0	0	0 	0.8 -0.8                           
0	1		0 0	0	0	0	0	0	0 	0.8 -0.8                           
1	0		0 0	0	0	0	0	0	0 	0.8 -0.8                           
0	1		0 0	0	0	0	0	0	0 	0.8 -0.8                #Two       
1	0		0 0	0	0	0	0	0	0 	0.8 -0.8                           
0	1		0 0	0	0	0	0	0	0 	0.8 -0.8                           
1	0		0 0	0	0	0	0	0	0 	0.8 -0.8                           
0	1		0 0	0	0	0	0	0	0 	0.8 -0.8                #Three     
1	0		0 0	0	0	0	0	0	0 	0.8 -0.8                           
0	1		0 0	0	0	0	0	0	0 	0.8 -0.8                           
1	0		0 0	0	0	0	0	0	0 	0.8 -0.8                           
0	1		0 0	0	0	0	0	0	0 	0.8 -0.8                #Four      
1	0		0 0	0	0	0	0	0	0 	0.8 -0.8                           
0	1		0 0	0	0	0	0	0	0 	0.8 -0.8                           
1	0		0 0	0	0	0	0	0	0 	0.8 -0.8                           
0	0		1 0	0	0	0	0	1	0 	0.2 0.2                 #One       
0	0		0 1	0	0	0	0	0	1 	0.2 0.2                            
0	0		1 0	0	0	0	0 1	0 	0.2 0.2                            
0	0		0 1	0	0	0	0	0	1 	0.2 0.2                            
0	0		1 0	0	0	0	0	1	0 	0.2 0.2                 #Two       
0	0		0 1	0	0	0	0	0	1 	0.2 0.2                            
0	0		1 0	0	0	0	0 1	0 	0.2 0.2                            
0	0		0 1	0	0	0	0	0	1 	0.2 0.2                            
0	0		1 0	0	0	0	0	1	0 	0.2 0.2                 #Three     
0	0		0 1	0	0	0	0	0	1 	0.2 0.2                            
0	0		1 0	0	0	0	0 1	0 	0.2 0.2                            
0	0		0 1	0	0	0	0	0	1 	0.2 0.2                            
0	0		1 0	0	0	0	0	1	0 	0.2 0.2                 #Four      
0	0		0 1	0	0	0	0	0	1 	0.2 0.2                            
0	0		1 0	0	0	0	0 1	0 	0.2 0.2                            
0	0		0 1	0	0	0	0	0	1 	0.2 0.2                            
0	0		1 0	0	0	0	0	1	0 	0.8 -0.8                #One       
0	0		0 1	0	0	0	0	0	1 	-0.8 0.8                           
0	0		1 0	0	0	0	0 1	0 	0.8 -0.8                           
0	0		0 1	0	0	0	0	0	1 	-0.8 0.8                           
0	0		1 0	0	0	0	0	1	0 	0.8 -0.8                #Two       
0	0		0 1	0	0	0	0	0	1 	-0.8 0.8                           
0	0		1 0	0	0	0	0 1	0 	0.8 -0.8                           
0	0		0 1	0	0	0	0	0	1 	-0.8 0.8                           
0	0		1 0	0	0	0	0	1	0 	0.8 -0.8                #Three     
0	0		0 1	0	0	0	0	0	1 	-0.8 0.8                           
0	0		1 0	0	0	0	0 1	0 	0.8 -0.8                           
0	0		0 1	0	0	0	0	0	1 	-0.8 0.8                           
0	0		1 0	0	0	0	0	1	0 	0.8 -0.8                #Four      
0	0		0 1	0	0	0	0	0	1 	-0.8 0.8                           
0	0		1 0	0	0	0	0 1	0 	0.8 -0.8                           
0	0		0 1	0	0	0	0	0	1 	-0.8 0.8                           
0	0		0 0	0	0	0	1	0	1 	-0.0 0.0                #One    
0	0		0 0	0	0	0	0	0	0 	-0.0 -0.0                       
0	0		0 0	0	0	0	0	0	0 	-0.0 -0.0                       
0	0		0 0	0	0	0	0	0	0 	-0.0 -0.0                       
0	0		0 0	0	0	0	1	0	1 	-0.0 -0.0                #Two   
0	0		0 0	0	0	0	0	0	0 	-0.0 -0.0                       
0	0		0 0	0	0	0	0	0	0 	-0.0 -0.0                       
0	0		0 0	0	0	0	0	0	0 	-0.0 -0.0                       
0	0		1	0	1	0	0	0	0	0 	-0.0 -0.0                #Three 
0	0		0	0	0	0	0	0	0	0 	-0.0 -0.0                       
0	0		0	0	0	0	0	0	0	0 	-0.0 -0.0                       
0	0		0	0	0	0	0	0	0	0 	-0.0 -0.0                       
0	0		1	0	1	0	0	0	0	0 	-0.0 -0.0                #Four  
0	0		0 0	0	0	0	0	0	0 	-0.0 -0.0                       
0	0		0 0	0	0	0	0	0	0 	-0.0 -0.0                       
0	0		0 0	0	0	0	0	0	0 	-0.0 -0.0                       
0	0		0 0	0	0	0	1	0	1 	-0.0 0.0                #One    
0	0		0 0	0	0	0	0	0	0 	-0.0 0.0                        
0	0		0 0	0	0	0	0	0	0 	-0.0 0.0                        
0	0		0 0	0	0	0	0	0	0 	-0.0 0.0                        
0	0		0 0	0	0	0	1	0	1 	-0.0 0.0                #Two    
0	0		0 0	0	0	0	0	0	0 	-0.0 0.0                        
0	0		0 0	0	0	0	0	0	0 	-0.0 0.0                        
0	0		0 0	0	0	0	0	0	0 	-0.0 0.0                        
0	0		1	0	1	0	0	0	0	0 	-0.0 0.0                #Three  
0	0		0	0	0	0	0	0	0	0 	-0.0 0.0                        
0	0		0	0	0	0	0	0	0	0 	-0.0 0.0                        
0	0		0	0	0	0	0	0	0	0 	-0.0 0.0                        
0	0		1	0	1	0	0	0	0	0 	-0.0 0.0                #Four   
0	0		0 0	0	0	0	0	0	0 	-0.0 0.0                        
0	0		0 0	0	0	0	0	0	0 	-0.0 0.0                       
0	0		0 0	0	0	0	0	0	0 	-0.0 0.0                        
0	0		0 0	0	0	0	1	0	1 	0.0 -0.0                #One    
0	0		0 0	0	0	0	0	0	0 	0.0 -0.0                        
0	0		0 0	0	0	0	0	0	0 	0.0 -0.0                        
0	0		0 0	0	0	0	0	0	0 	0.0 -0.0                        
0	0		0 0	0	0	0	1	0	1 	0.0 -0.0                #Two    
0	0		0 0	0	0	0	0	0	0 	0.0 -0.0                        
0	0		0 0	0	0	0	0	0	0 	0.0 -0.0                        
0	0		0 0	0	0	0	0	0	0 	0.0 -0.0                        
0	0		1	0	1	0	0	0	0	0 	0.0 -0.0                #Three  
0	0		0	0	0	0	0	0	0	0 	0.0 -0.0                        
0	0		0	0	0	0	0	0	0	0 	0.0 -0.0                        
0	0		0	0	0	0	0	0	0	0 	0.0 -0.0                        
0	0		1	0	1	0	0	0	0	0 	0.0 -0.0                #Four   
0	0		0 0	0	0	0	0	0	0 	0.0 -0.0                        
0	0		0 0	0	0	0	0	0	0 	0.0 -0.0                        
0	0		0 0	0	0	0	0	0	0 	0.0 -0.0                        
0	0		0 0	0	0	0	1	0	1 	0.0 -0.0                #One    
0	0		0 0	0	0	0	0	0	0 	0.0 -0.0                        
0	0		0 0	0	0	0	0	0	0 	0.0 -0.0                        
0	0		0 0	0	0	0	0	0	0 	0.0 -0.0                        
0	0		0 0	0	0	0	1	0	1 	0.0 -0.0                #Two    
0	0		0 0	0	0	0	0	0	0 	0.0 -0.0                        
0	0		0 0	0	0	0	0	0	0 	0.0 -0.0                        
0	0		0 0	0	0	0	0	0	0 	0.0 -0.0                        
0	0		1	0	1	0	0	0	0	0 	0.0 -0.0                #Three  
0	0		0	0	0	0	0	0	0	0 	0.0 -0.0                        
0	0		0	0	0	0	0	1	0	1 	0.0 -0.0                        
0	0		0	0	0	0	0	0	0	0 	0.0 -0.0                        
0	0		1	0	1	0	0	0	0	0 	0.0 -0.0                #Four   
0	0		0 0	0	0	0	0	0	0 	0.0 -0.0                        
0	0		0 0	0	0	0	1	0	1 	0.0 -0.0                        
0	0		0 0	0	0	0	0	0	0 	0.0 -0.0                        
0	0		1 1	1	1	1	1	1	1 	0.2 -0.2 # Chorus      #One     
0	0		0 0	0	0	0	0	0	0 	-0.2 0.2                        
0	0		1 1	1	1	1	1	1	1 	0.2 -0.2                        
0	0		0 0	0	0	0	0	0	0 	-0.2 0.2                        
0	0		1 1	1	1	1	1	1	1 	0.2 -0.2               #Two     
0	0		0 0	0	0	0	0	0	0 	-0.2 0.2                        
0	0		1 1	1	1	1	1	1	1 	0.2 -0.2                        
0	0		0 0	0	0	0	0	0	0 	-0.2 0.2                        
0	0		1 1	1	1	1	1	1	1 	0.2 -0.2 # Chorus      #Three   
0	0		0 0	0	0	0	0	0	0 	-0.2 0.2                        
0	0		1 1	1	1	1	1	1	1 	0.2 -0.2                        
0	0		0 0	0	0	0	0	0	0 	-0.2 0.2                        
0	0		1 1	1	1	1	1	1	1 	0.2 -0.2               #Four    
0	0		0 0	0	0	0	0	0	0 	-0.2 0.2                        
0	0		1 1	1	1	1	1	1	1 	0.2 -0.2                        
0	0		0 0	0	0	0	0	0	0 	-0.2 0.2                        
0	0		1 1	1	1	1	1	1	1 	0.2 -0.2 # Chorus      #One     
0	0		0 0	0	0	0	0	0	0 	-0.2 0.2                        
0	0		1 1	1	1	1	1	1	1 	0.2 -0.2                        
0	0		0 0	0	0	0	0	0	0 	-0.2 0.2                        
0	0		1 1	1	1	1	1	1	1 	0.2 -0.2               #Two     
0	0		0 0	0	0	0	0	0	0 	-0.2 0.2                        
0	0		1 1	1	1	1	1	1	1 	0.2 -0.2                        
0	0		0 0	0	0	0	0	0	0 	-0.2 0.2                        
0	0		1 1	1	1	1	1	1	1 	0.2 -0.2 # Chorus      #Three   
0	0		0 0	0	0	0	0	0	0 	-0.2 0.2                        
0	0		1 1	1	1	1	1	1	1 	0.2 -0.2                        
0	0		0 0	0	0	0	0	0	0 	-0.2 0.2                        
0	0		1 1	1	1	1	1	1	1 	0.2 -0.2               #Four    
0	0		0 0	0	0	0	0	0	0 	-0.2 0.2                        
0	0		1 1	1	1	1	1	1	1 	0.2 -0.2                        
0	0		0 0	0	0	0	0	0	0 	-0.2 0.2
1	1		1 0	0	0	0	0	0	0 	-0.0 0.0 1
1	0		0 1	0	0	0	0	0	0 	-0.0 0.0 0
1	1		0 0	1	0	0	0	0	0 	-0.0 0.0 1                                  
1	0		0 0	0	1	0	0	0	0 	-0.0 0.0 0
1	1		0 0	0	0	1	0	0	0 	-0.0 0.0 1
1	0		0 0	0	0	0	1	0	0 	-0.0 0.0 0
1	1		0 0	0	0	0	0	1	0 	-0.2 0.2 1
1	0		0 0	0	0	0	0	0 1 	-0.2 0.2 0
1	1		0 0	0	0	0	0	1	0 	-0.0 0.0 1                                  
1	0		0 0	0	0	0	1	0	0 	-0.0 0.0 0
1	1		0 0	0	0	1	0	0	0 	-0.0 0.0 1
1	0		0 0	0	1	0	0	0	0 	-0.2 0.2 0
1	1		0 0	1	0	0	0	0	0 	-0.2 0.2 1
1	0		0 1	0	0	0	0	0	0 	-0.0 0.0 0
1	1		1 0	0	0	0	0	0	0 	-0.0 0.0 1                                  
1	0		0 1	0	0	0	0	0	0 	-0.0 0.0 0
0	1		0 0	1	0	0	0	0	0 	-0.0 0.0 1
1	0		0 0	0	1	0	0	0	0 	-0.0 0.0 0
1	1		1 0	0	0	0	0	0	0 	-0.0 0.0 1
1	0		0 1	0	0	0	0	0	0 	-0.0 0.0 0
1	1		0 0	1	0	0	0	0	0 	-0.0 0.0 1
1	0		0 0	0	1	0	0	0	0 	-0.0 0.0 0
1	1		0 0	0	0	1	0	0	0 	-0.0 0.0 1
1	0		0 0	0	0	0	1	0	0 	-0.0 0.0 0
1	1		0 0	0	0	0	0	1	0 	-0.2 0.2 1
1	0		0 0	0	0	0	0	0 1 	-0.2 0.2 0
1	1		0 0	0	0	0	0	1	0 	-0.0 0.0 1
1	0		0 0	0	0	0	1	0	0 	-0.0 0.0 0
1	1		0 0	0	0	1	0	0	0 	-0.0 0.0 1
1	0		0 0	0	1	0	0	0	0 	-0.2 0.2 0
1	1		0 0	1	0	0	0	0	0 	-0.2 0.2 1
1	0		0 1	0	0	0	0	0	0 	-0.0 0.0 0
1	1		1 0	0	0	0	0	0	0 	-0.0 0.0 1
1	0		0 1	0	0	0	0	0	0 	-0.0 0.0 0
0	1		0 0	1	0	0	0	0	0 	-0.0 0.0 1
1	0		0 0	0	1	0	0	0	0 	-0.0 0.0 0
1	1		1 0	0	0	0	0	0	0 	-0.0 0.0 1
1	0		0 1	0	0	0	0	0	0 	-0.0 0.0 0
1	1		0 0	1	0	0	0	0	0 	-0.0 0.0 1
1	0		0 0	0	1	0	0	0	0 	-0.0 0.0 0
1	1		0 0	0	0	1	0	0	0 	-0.0 0.0 1
1	0		0 0	0	0	0	1	0	0 	-0.0 0.0 0
1	1		0 0	0	0	0	0	1	0 	-0.2 0.2 1
1	0		0 0	0	0	0	0	0 1 	-0.2 0.2 0
1	1		0 0	0	0	0	0	1	0 	-0.0 0.0 1
1	0		0 0	0	0	0	1	0	0 	-0.0 0.0 0
1	1		0 0	0	0	1	0	0	0 	-0.0 0.0 1
1	0		0 0	0	1	0	0	0	0 	-0.2 0.2 0
1	1		0 0	1	0	0	0	0	0 	-0.2 0.2 1
1	0		0 1	0	0	0	0	0	0 	-0.0 0.0 0
1	1		1 0	0	0	0	0	0	0 	-0.0 0.0 1
1	0		0 1	0	0	0	0	0	0 	-0.0 0.0 0
0	1		0 0	1	0	0	0	0	0 	-0.0 0.0 1
1	0		0 0	0	1	0	0	0	0 	-0.0 0.0 0
1	1		1 0	0	0	0	0	0	0 	-0.0 0.0 1
1	0		0 1	0	0	0	0	0	0 	-0.0 0.0 0
1	1		0 0	1	0	0	0	0	0 	-0.0 0.0 1
1	0		0 0	0	1	0	0	0	0 	-0.0 0.0 0
1	1		0 0	0	0	1	0	0	0 	-0.0 0.0 1
1	0		0 0	0	0	0	1	0	0 	-0.0 0.0 0
1	1		0 0	0	0	0	0	1	0 	-0.2 0.2 1
1	0		0 0	0	0	0	0	0 1 	-0.2 0.2 0
1	1		0 0	0	0	0	0	1	0 	-0.0 0.0 1
1	0		0 0	0	0	0	1	0	0 	-0.0 0.0 0
1	1		0 0	0	0	1	0	0	0 	-0.0 0.0 1
1	0		0 0	0	1	0	0	0	0 	-0.2 0.2 0
1	1		0 0	1	0	0	0	0	0 	-0.2 0.2 1
1	0		0 1	0	0	0	0	0	0 	-0.0 0.0 0
1	1		1 0	0	0	0	0	0	0 	-0.0 0.0 1
1	0		0 1	0	0	0	0	0	0 	-0.0 0.0 0
0	1		0 0	1	0	0	0	0	0 	-0.0 0.0 1
1	0		0 0	0	1	0	0	0	0 	-0.0 0.0 0
1	1		1 0	0	0	0	0	0	0 	-0.0 0.0 1
1	0		0 1	0	0	0	0	0	0 	-0.0 0.0 0
1	1		0 0	1	0	0	0	0	0 	-0.0 0.0 1
1	0		0 0	0	1	0	0	0	0 	-0.0 0.0 0
1	1		0 0	0	0	1	0	0	0 	-0.0 0.0 1
1	0		0 0	0	0	0	1	0	0 	-0.0 0.0 0
1	1		0 0	0	0	0	0	1	0 	-0.2 0.2 1
1	0		0 0	0	0	0	0	0 1 	-0.2 0.2 0
1	1		0 0	0	0	0	0	1	0 	-0.0 0.0 1
1	0		0 0	0	0	0	1	0	0 	-0.0 0.0 0
1	1		0 0	0	0	1	0	0	0 	-0.0 0.0 1
1	0		0 0	0	1	0	0	0	0 	-0.2 0.2 0
1	1		0 0	1	0	0	0	0	0 	-0.2 0.2 1
1	0		0 1	0	0	0	0	0	0 	-0.0 0.0 0
1	1		1 0	0	0	0	0	0	0 	-0.0 0.0 1
1	0		0 1	0	0	0	0	0	0 	-0.0 0.0 0
0	1		0 0	1	0	0	0	0	0 	-0.0 0.0 1
1	0		0 0	0	1	0	0	0	0 	-0.0 0.0 0
1	1		1 0	0	0	0	0	0	0 	-0.0 0.0 1
1	0		0 1	0	0	0	0	0	0 	-0.0 0.0 0
1	1		0 0	1	0	0	0	0	0 	-0.0 0.0 1                                  
1	0		0 0	0	1	0	0	0	0 	-0.0 0.0 0
1	1		0 0	0	0	1	0	0	0 	-0.0 0.0 1
1	0		0 0	0	0	0	1	0	0 	-0.0 0.0 0
1	1		0 0	0	0	0	0	1	0 	-0.2 0.2 1
1	0		0 0	0	0	0	0	0 1 	-0.2 0.2 0
1	1		0 0	0	0	0	0	1	0 	-0.0 0.0 1                                  
1	0		0 0	0	0	0	1	0	0 	-0.0 0.0 0
1	1		0 0	0	0	1	0	0	0 	-0.0 0.0 1
1	0		0 0	0	1	0	0	0	0 	-0.2 0.2 0
1	1		0 0	1	0	0	0	0	0 	-0.2 0.2 1
1	0		0 1	0	0	0	0	0	0 	-0.0 0.0 0
1	1		1 0	0	0	0	0	0	0 	-0.0 0.0 1                                  
1	0		0 1	0	0	0	0	0	0 	-0.0 0.0 0
0	1		0 0	1	0	0	0	0	0 	-0.0 0.0 1
1	0		0 0	0	1	0	0	0	0 	-0.0 0.0 0
1	1		1 0	0	0	0	0	0	0 	-0.0 0.0 1
1	0		0 1	0	0	0	0	0	0 	-0.0 0.0 0
1	1		0 0	1	0	0	0	0	0 	-0.0 0.0 1
1	0		0 0	0	1	0	0	0	0 	-0.0 0.0 0
1	1		0 0	0	0	1	0	0	0 	-0.0 0.0 1
1	0		0 0	0	0	0	1	0	0 	-0.0 0.0 0
1	1		0 0	0	0	0	0	1	0 	-0.2 0.2 1
1	0		0 0	0	0	0	0	0 1 	-0.2 0.2 0
1	1		0 0	0	0	0	0	1	0 	-0.0 0.0 1
1	0		0 0	0	0	0	1	0	0 	-0.0 0.0 0
1	1		0 0	0	0	1	0	0	0 	-0.0 0.0 1
1	0		0 0	0	1	0	0	0	0 	-0.2 0.2 0
1	1		0 0	1	0	0	0	0	0 	-0.2 0.2 1
1	0		0 1	0	0	0	0	0	0 	-0.0 0.0 0
1	1		1 0	0	0	0	0	0	0 	-0.0 0.0 1
1	0		0 1	0	0	0	0	0	0 	-0.0 0.0 0