# Blinking sequence for the LEDs

BODY/1 LIGHT/1 LED/8

0	0		0	0	0	0	0	0	0	0
1	1		1	1	1	1	1	1	1	1	
0	0		0	0	0	0	0	0	0	0
1	1		1	1	1	1	1	1	1	1	
0	0		0	0	0	0	0	0	0	0
1	1		1	1	1	1	1	1	1	1	
0	0		0	0	0	0	0	0	0	0
1	1		1	1	1	1	1	1	1	1	

0	0		0	0	0	0	0	0	0	0
1	0		0	0	0	0	0	0	0	0	
0	0		0	0	0	0	0	0	0	0
0	1		0	0	0	0	0	0	0	0	
0	0		0	0	0	0	0	0	0	0
1	0		0	0	0	0	0	0	0	0	
0	0		0	0	0	0	0	0	0	0
1	1		0	0	0	0	0	0	0	0	

0	0		1	0	0	0	0	0	0	0
0	0		0	1	0	0	0	0	0	0
0	0		0	0	1	0	0	0	0	0
0	0		0	0	0	1	0	0	0	0
0	0		0	0	0	0	1	0	0	0
0	0		0	0	0	0	0	1	0	0
0	0		0	0	0	0	0	0	1	0
0	0		0	0	0	0	0	0	0	1

0	0		1	0	0	0	0	0	0	0
0	0		0	1	0	0	0	0	0	0
0	0		0	0	1	0	0	0	0	0
0	0		0	0	0	1	0	0	0	0
0	0		0	0	0	0	1	0	0	0
0	0		0	0	0	0	0	1	0	0
0	0		0	0	0	0	0	0	1	0
0	0		0	0	0	0	0	0	0	1

0	0		1	0	0	0	0	0	0	0
0	0		1	1	0	0	0	0	0	0
0	0		1	1	1	0	0	0	0	0
0	0		1	1	1	1	0	0	0	0
0	0		1	1	1	1	1	0	0	0
0	0		1	1	1	1	1	1	0	0
0	0		1	1	1	1	1	1	1	0
0	0		1	1	1	1	1	1	1	1

0	0		0	1	1	1	1	1	1	1
0	0		0	0	1	1	1	1	1	1
0	0		0	0	0	1	1	1	1	1
0	0		0	0	0	0	1	1	1	1
0	0		0	0	0	0	0	1	1	1
0	0		0	0	0	0	0	0	1	1
0	0		0	0	0	0	0	0	0	1
0	0		0	0	0	0	0	0	0	0

0	0		1	0	1	0	0	0	0	0
0	0		0	1	0	1	0	0	0	0
0	0		0	0	1	0	1	0	0	0
0	0		0	0	0	1	0	1	0	0
0	0		0	0	0	0	1	0	1	0
0	0		0	0	0	0	0	1	0	1
0	0		1	0	0	0	0	0	1	0
0	0		0	1	0	0	0	0	0	1

0	0		0	0	0	0	0	0	0	0
0	0		0	0	0	0	0	0	0	0

