T/1	Light/1	Pupil/3			PupilUpregulated/3			
0	0.0000	0.0000	0.0000	0.0000	0.0000	0.0000	0.0000	
1	0.0000	0.0000	0.0000	0.0200	0.0000	0.0000	0.0200	
2	1.0000	0.0000	0.0000	0.0380	0.0000	0.0000	0.0380	
3	1.0000	0.0000	0.0000	0.0542	0.0000	0.0000	0.0542	
4	1.0000	0.0000	0.0000	0.0688	0.0000	0.0000	0.0688	
5	1.0000	0.0000	0.0000	0.0819	0.0000	0.0000	0.0819	
6	1.0000	0.0000	0.0000	0.0937	0.0000	0.0000	0.0937	
7	1.0000	0.0000	0.0000	0.1043	0.0000	0.0000	0.1043	
8	0.0000	0.0000	0.0000	0.1139	0.0000	0.0000	0.1139	
9	0.0000	0.0000	0.0000	0.1225	0.0000	0.0000	0.1225	
10	0.0000	0.0000	0.0000	0.1303	0.0000	0.0000	0.1303	
11	0.0000	0.0000	0.0000	0.1372	0.0000	0.0000	0.1372	
12	0.0000	0.0000	0.0000	0.1435	0.0000	0.0000	0.1435	
13	0.0000	0.0000	0.0000	0.1492	0.0000	0.0000	0.1492	
14	0.0000	0.0000	0.0000	0.1542	0.0000	0.0000	0.1542	
15	0.0000	0.0000	0.0000	0.1596	0.0000	0.0000	0.1596	
16	0.0000	0.0000	0.0000	0.1658	0.0000	0.0000	0.1658	
17	0.0000	0.0000	0.0000	0.1732	0.0000	0.0000	0.1732	
18	0.0000	0.0000	0.0000	0.1821	0.0000	0.0000	0.1821	
19	0.0000	0.0000	0.0000	0.1924	0.0000	0.0000	0.1923	
20	0.0000	0.0000	0.0000	0.2040	0.0000	0.0000	0.2038	
21	0.0000	0.0000	0.0000	0.2168	0.0000	0.0000	0.2162	
22	0.0000	0.0000	0.0000	0.2305	0.0000	0.0000	0.2295	
23	0.0000	0.0000	0.0000	0.2449	0.0000	0.0000	0.2432	
24	0.0000	0.0000	0.0000	0.2598	0.0000	0.0000	0.2571	
25	0.0000	0.0000	0.0000	0.2749	0.0000	0.0000	0.2710	
26	0.0000	0.0000	0.0000	0.2902	0.0000	0.0000	0.2847	
27	0.0000	0.0000	0.0000	0.3053	0.0000	0.0000	0.2983	
28	0.0000	0.0000	0.0000	0.3203	0.0000	0.0000	0.3114	
29	0.0000	0.0000	0.0000	0.3350	0.0000	0.0000	0.3242	
30	0.0000	0.0000	0.0000	0.3494	0.0000	0.0000	0.3365	
31	0.0000	0.0000	0.0000	0.3634	0.0000	0.0000	0.3483	
32	0.0000	0.0000	0.0000	0.3770	0.0000	0.0000	0.3597	
33	0.0000	0.0000	0.0000	0.3901	0.0000	0.0000	0.3706	
34	0.0000	0.0000	0.0000	0.4028	0.0000	0.0000	0.3811	
35	0.0000	0.0000	0.0000	0.4150	0.0000	0.0000	0.3911	
36	0.0000	0.0000	0.0000	0.4267	0.0000	0.0000	0.4007	
37	0.0000	0.0000	0.0000	0.4380	0.0000	0.0000	0.4099	
38	0.0000	0.0000	0.0000	0.4488	0.0000	0.0000	0.4188	
39	0.0000	0.0000	0.0000	0.4592	0.0000	0.0000	0.4273	
40	0.0000	0.0000	0.0000	0.4691	0.0000	0.0000	0.4356	
41	0.0000	0.0000	0.0000	0.4787	0.0000	0.0000	0.4436	
42	0.0000	0.0000	0.0000	0.4879	0.0000	0.0000	0.4513	
43	0.0000	0.0000	0.0000	0.4968	0.0000	0.0000	0.4588	
44	0.0000	0.0000	0.0000	0.5053	0.0000	0.0000	0.4661	
45	0.0000	0.0000	0.0000	0.5135	0.0000	0.0000	0.4733	
46	0.0000	0.0000	0.0000	0.5214	0.0000	0.0000	0.4802	
47	0.0000	0.0000	0.0000	0.5290	0.0000	0.0000	0.4870	
48	0.0000	0.0000	0.0000	0.5363	0.0000	0.0000	0.4937	
49	0.0000	0.0000	0.0000	0.5434	0.0000	0.0000	0.5003	
50	0.0000	0.0000	0.0000	0.5502	0.0000	0.0000	0.5067	
51	0.0000	0.0000	0.0000	0.5568	0.0000	0.0000	0.5130	
52	0.0000	0.0000	0.0000	0.5633	0.0000	0.0000	0.5193	
53	0.0000	0.0000	0.0000	0.5695	0.0000	0.0000	0.5254	
54	0.0000	0.0000	0.0000	0.5755	0.0000	0.0000	0.5314	
55	0.0000	0.0000	0.0000	0.5813	0.0000	0.0000	0.5374	
56	0.0000	0.0000	0.0000	0.5869	0.0000	0.0000	0.5432	
57	0.0000	0.0000	0.0000	0.5924	0.0000	0.0000	0.5490	
58	0.0000	0.0000	0.0000	0.5977	0.0000	0.0000	0.5547	
59	0.0000	0.0000	0.0000	0.6028	0.0000	0.0000	0.5603	
60	0.0000	0.0000	0.0000	0.6078	0.0000	0.0000	0.5658	
61	0.0000	0.0000	0.0000	0.6127	0.0000	0.0000	0.5712	
62	0.0000	0.0000	0.0000	0.6174	0.0000	0.0000	0.5766	
63	0.0000	0.0000	0.0000	0.6219	0.0000	0.0000	0.5818	
64	0.0000	0.0000	0.0000	0.6264	0.0000	0.0000	0.5870	
65	0.0000	0.0000	0.0000	0.6307	0.0000	0.0000	0.5920	
66	0.0000	0.0000	0.0000	0.6348	0.0000	0.0000	0.5970	
67	0.0000	0.0000	0.0000	0.6389	0.0000	0.0000	0.6018	
68	0.0000	0.0000	0.0000	0.6428	0.0000	0.0000	0.6066	
69	0.0000	0.0000	0.0000	0.6466	0.0000	0.0000	0.6112	
70	0.0000	0.0000	0.0000	0.6502	0.0000	0.0000	0.6158	
71	0.0000	0.0000	0.0000	0.6538	0.0000	0.0000	0.6202	
72	0.0000	0.0000	0.0000	0.6572	0.0000	0.0000	0.6246	
73	0.0000	0.0000	0.0000	0.6606	0.0000	0.0000	0.6288	
74	0.0000	0.0000	0.0000	0.6638	0.0000	0.0000	0.6329	
75	0.0000	0.0000	0.0000	0.6669	0.0000	0.0000	0.6369	
76	0.0000	0.0000	0.0000	0.6699	0.0000	0.0000	0.6409	
77	0.0000	0.0000	0.0000	0.6728	0.0000	0.0000	0.6447	
78	0.0000	0.0000	0.0000	0.6756	0.0000	0.0000	0.6484	
79	0.0000	0.0000	0.0000	0.6784	0.0000	0.0000	0.6520	
80	0.0000	0.0000	0.0000	0.6810	0.0000	0.0000	0.6555	
81	0.0000	0.0000	0.0000	0.6835	0.0000	0.0000	0.6589	
82	0.0000	0.0000	0.0000	0.6859	0.0000	0.0000	0.6621	
83	0.0000	0.0000	0.0000	0.6883	0.0000	0.0000	0.6653	
84	0.0000	0.0000	0.0000	0.6906	0.0000	0.0000	0.6684	
85	0.0000	0.0000	0.0000	0.6927	0.0000	0.0000	0.6714	
86	0.0000	0.0000	0.0000	0.6948	0.0000	0.0000	0.6743	
87	0.0000	0.0000	0.0000	0.6969	0.0000	0.0000	0.6770	
88	0.0000	0.0000	0.0000	0.6988	0.0000	0.0000	0.6797	
89	0.0000	0.0000	0.0000	0.7007	0.0000	0.0000	0.6823	
90	0.0000	0.0000	0.0000	0.7025	0.0000	0.0000	0.6848	
91	0.0000	0.0000	0.0000	0.7042	0.0000	0.0000	0.6872	
92	0.0000	0.0000	0.0000	0.7059	0.0000	0.0000	0.6896	
93	0.0000	0.0000	0.0000	0.7075	0.0000	0.0000	0.6918	
94	0.0000	0.0000	0.0000	0.7090	0.0000	0.0000	0.6940	
95	0.0000	0.0000	0.0000	0.7105	0.0000	0.0000	0.6961	
96	0.0000	0.0000	0.0000	0.7119	0.0000	0.0000	0.6981	
97	0.0000	0.0000	0.0000	0.7133	0.0000	0.0000	0.7000	
98	0.0000	0.0000	0.0000	0.7146	0.0000	0.0000	0.7018	
99	0.0000	0.0000	0.0000	0.7158	0.0000	0.0000	0.7036	
100	0.0000	0.0000	0.0000	0.7170	0.0000	0.0000	0.7053	
101	0.0000	0.0000	0.0000	0.7181	0.0000	0.0000	0.7070	
102	0.0000	0.0000	0.0000	0.7192	0.0000	0.0000	0.7085	
103	0.0000	0.0000	0.0000	0.7203	0.0000	0.0000	0.7100	
104	0.0000	0.0000	0.0000	0.7213	0.0000	0.0000	0.7115	
105	0.0000	0.0000	0.0000	0.7222	0.0000	0.0000	0.7129	
106	0.0000	0.0000	0.0000	0.7232	0.0000	0.0000	0.7142	
107	0.0000	0.0000	0.0000	0.7240	0.0000	0.0000	0.7155	
108	0.0000	0.0000	0.0000	0.7249	0.0000	0.0000	0.7167	
109	0.0000	0.0000	0.0000	0.7257	0.0000	0.0000	0.7179	
110	0.0000	0.0000	0.0000	0.7265	0.0000	0.0000	0.7190	
111	0.0000	0.0000	0.0000	0.7272	0.0000	0.0000	0.7200	
112	0.0000	0.0000	0.0000	0.7279	0.0000	0.0000	0.7211	
113	0.0000	0.0000	0.0000	0.7286	0.0000	0.0000	0.7220	
114	0.0000	0.0000	0.0000	0.7292	0.0000	0.0000	0.7230	
115	0.0000	0.0000	0.0000	0.7298	0.0000	0.0000	0.7239	
116	0.0000	0.0000	0.0000	0.7304	0.0000	0.0000	0.7247	
117	0.0000	0.0000	0.0000	0.7310	0.0000	0.0000	0.7256	
118	0.0000	0.0000	0.0000	0.7315	0.0000	0.0000	0.7263	
119	0.0000	0.0000	0.0000	0.7320	0.0000	0.0000	0.7271	
120	0.0000	0.0000	0.0000	0.7325	0.0000	0.0000	0.7278	
121	0.0000	0.0000	0.0000	0.7330	0.0000	0.0000	0.7285	
122	0.0000	0.0000	0.0000	0.7334	0.0000	0.0000	0.7291	
123	0.0000	0.0000	0.0000	0.7338	0.0000	0.0000	0.7298	
124	0.0000	0.0000	0.0000	0.7342	0.0000	0.0000	0.7303	
125	0.0000	0.0000	0.0000	0.7346	0.0000	0.0000	0.7309	
126	0.0000	0.0000	0.0000	0.7350	0.0000	0.0000	0.7315	
127	0.0000	0.0000	0.0000	0.7353	0.0000	0.0000	0.7320	
128	0.0000	0.0000	0.0000	0.7357	0.0000	0.0000	0.7325	
129	0.0000	0.0000	0.0000	0.7360	0.0000	0.0000	0.7329	
130	0.0000	0.0000	0.0000	0.7363	0.0000	0.0000	0.7334	
131	0.0000	0.0000	0.0000	0.7366	0.0000	0.0000	0.7338	
132	0.0000	0.0000	0.0000	0.7368	0.0000	0.0000	0.7342	
133	0.0000	0.0000	0.0000	0.7371	0.0000	0.0000	0.7346	
134	0.0000	0.0000	0.0000	0.7373	0.0000	0.0000	0.7350	
135	0.0000	0.0000	0.0000	0.7376	0.0000	0.0000	0.7353	
136	0.0000	0.0000	0.0000	0.7378	0.0000	0.0000	0.7356	
137	0.0000	0.0000	0.0000	0.7380	0.0000	0.0000	0.7360	
138	0.0000	0.0000	0.0000	0.7382	0.0000	0.0000	0.7363	
139	0.0000	0.0000	0.0000	0.7384	0.0000	0.0000	0.7366	
140	0.0000	0.0000	0.0000	0.7386	0.0000	0.0000	0.7368	
141	0.0000	0.0000	0.0000	0.7388	0.0000	0.0000	0.7371	
142	0.0000	0.0000	0.0000	0.7390	0.0000	0.0000	0.7373	
143	0.0000	0.0000	0.0000	0.7391	0.0000	0.0000	0.7376	
144	0.0000	0.0000	0.0000	0.7393	0.0000	0.0000	0.7378	
145	0.0000	0.0000	0.0000	0.7394	0.0000	0.0000	0.7380	
146	0.0000	0.0000	0.0000	0.7395	0.0000	0.0000	0.7382	
147	0.0000	0.0000	0.0000	0.7397	0.0000	0.0000	0.7384	
148	0.0000	0.0000	0.0000	0.7398	0.0000	0.0000	0.7386	
149	0.0000	0.0000	0.0000	0.7399	0.0000	0.0000	0.7388	
150	0.0000	0.0000	0.0000	0.7400	0.0000	0.0000	0.7390	
151	0.0000	0.0000	0.0000	0.7401	0.0000	0.0000	0.7391	
152	0.0000	0.0000	0.0000	0.7402	0.0000	0.0000	0.7393	
153	0.0000	0.0000	0.0000	0.7403	0.0000	0.0000	0.7394	
154	0.0000	0.0000	0.0000	0.7404	0.0000	0.0000	0.7395	
155	0.0000	0.0000	0.0000	0.7405	0.0000	0.0000	0.7397	
156	0.0000	0.0000	0.0000	0.7406	0.0000	0.0000	0.7398	
157	0.0000	0.0000	0.0000	0.7407	0.0000	0.0000	0.7399	
158	0.0000	0.0000	0.0000	0.7408	0.0000	0.0000	0.7400	
159	0.0000	0.0000	0.0000	0.7408	0.0000	0.0000	0.7401	
160	0.0000	0.0000	0.0000	0.7409	0.0000	0.0000	0.7402	
161	0.0000	0.0000	0.0000	0.7410	0.0000	0.0000	0.7403	
162	0.0000	0.0000	0.0000	0.7410	0.0000	0.0000	0.7404	
163	0.0000	0.0000	0.0000	0.7411	0.0000	0.0000	0.7405	
164	0.0000	0.0000	0.0000	0.7411	0.0000	0.0000	0.7406	
165	0.0000	0.0000	0.0000	0.7412	0.0000	0.0000	0.7407	
166	0.0000	0.0000	0.0000	0.7412	0.0000	0.0000	0.7408	
167	0.0000	0.0000	0.0000	0.7413	0.0000	0.0000	0.7408	
168	0.0000	0.0000	0.0000	0.7413	0.0000	0.0000	0.7409	
169	0.0000	0.0000	0.0000	0.7414	0.0000	0.0000	0.7410	
170	0.0000	0.0000	0.0000	0.7414	0.0000	0.0000	0.7410	
171	0.0000	0.0000	0.0000	0.7415	0.0000	0.0000	0.7411	
172	0.0000	0.0000	0.0000	0.7415	0.0000	0.0000	0.7411	
173	0.0000	0.0000	0.0000	0.7415	0.0000	0.0000	0.7412	
174	0.0000	0.0000	0.0000	0.7416	0.0000	0.0000	0.7412	
175	0.0000	0.0000	0.0000	0.7416	0.0000	0.0000	0.7413	
176	0.0000	0.0000	0.0000	0.7416	0.0000	0.0000	0.7413	
177	0.0000	0.0000	0.0000	0.7417	0.0000	0.0000	0.7414	
178	0.0000	0.0000	0.0000	0.7417	0.0000	0.0000	0.7414	
179	0.0000	0.0000	0.0000	0.7417	0.0000	0.0000	0.7415	
180	0.0000	0.0000	0.0000	0.7417	0.0000	0.0000	0.7415	
181	0.0000	0.0000	0.0000	0.7418	0.0000	0.0000	0.7415	
182	0.0000	0.0000	0.0000	0.7418	0.0000	0.0000	0.7416	
183	0.0000	0.0000	0.0000	0.7418	0.0000	0.0000	0.7416	
184	0.0000	0.0000	0.0000	0.7418	0.0000	0.0000	0.7416	
185	0.0000	0.0000	0.0000	0.7418	0.0000	0.0000	0.7417	
186	0.0000	0.0000	0.0000	0.7419	0.0000	0.0000	0.7417	
187	0.0000	0.0000	0.0000	0.7419	0.0000	0.0000	0.7417	
188	0.0000	0.0000	0.0000	0.7419	0.0000	0.0000	0.7417	
189	0.0000	0.0000	0.0000	0.7419	0.0000	0.0000	0.7418	
190	0.0000	0.0000	0.0000	0.7419	0.0000	0.0000	0.7418	
191	0.0000	0.0000	0.0000	0.7419	0.0000	0.0000	0.7418	
192	0.0000	0.0000	0.0000	0.7420	0.0000	0.0000	0.7418	
193	0.0000	0.0000	0.0000	0.7420	0.0000	0.0000	0.7418	
194	0.0000	0.0000	0.0000	0.7420	0.0000	0.0000	0.7419	
195	0.0000	0.0000	0.0000	0.7420	0.0000	0.0000	0.7419	
196	0.0000	0.0000	0.0000	0.7420	0.0000	0.0000	0.7419	
197	0.0000	0.0000	0.0000	0.7420	0.0000	0.0000	0.7419	
198	0.0000	0.0000	0.0000	0.7420	0.0000	0.0000	0.7419	
199	0.0000	0.0000	0.0000	0.7420	0.0000	0.0000	0.7419	
200	0.0000	0.0000	0.0000	0.7420	0.0000	0.0000	0.7420	
201	0.0000	0.0000	0.0000	0.7421	0.0000	0.0000	0.7420	
202	0.0000	0.0000	0.0000	0.7421	0.0000	0.0000	0.7420	
203	0.0000	0.0000	0.0000	0.7421	0.0000	0.0000	0.7420	
204	0.0000	0.0000	0.0000	0.7421	0.0000	0.0000	0.7420	
205	0.0000	0.0000	0.0000	0.7421	0.0000	0.0000	0.7420	
206	0.0000	0.0000	0.0000	0.7421	0.0000	0.0000	0.7420	
207	0.0000	0.0000	0.0000	0.7421	0.0000	0.0000	0.7420	
208	0.0000	0.0000	0.0000	0.7421	0.0000	0.0000	0.7420	
209	0.0000	0.0000	0.0000	0.7421	0.0000	0.0000	0.7421	
210	0.0000	0.0000	0.0000	0.7421	0.0000	0.0000	0.7421	
211	0.0000	0.0000	0.0000	0.7421	0.0000	0.0000	0.7421	
212	0.0000	0.0000	0.0000	0.7421	0.0000	0.0000	0.7421	
213	0.0000	0.0000	0.0000	0.7421	0.0000	0.0000	0.7421	
214	0.0000	0.0000	0.0000	0.7421	0.0000	0.0000	0.7421	
215	0.0000	0.0000	0.0000	0.7421	0.0000	0.0000	0.7421	
216	0.0000	0.0000	0.0000	0.7421	0.0000	0.0000	0.7421	
217	0.0000	0.0000	0.0000	0.7421	0.0000	0.0000	0.7421	
218	0.0000	0.0000	0.0000	0.7421	0.0000	0.0000	0.7421	
219	0.0000	0.0000	0.0000	0.7422	0.0000	0.0000	0.7421	
220	0.0000	0.0000	0.0000	0.7422	0.0000	0.0000	0.7421	
221	0.0000	0.0000	0.0000	0.7422	0.0000	0.0000	0.7421	
222	0.0000	0.0000	0.0000	0.7422	0.0000	0.0000	0.7421	
223	0.0000	0.0000	0.0000	0.7422	0.0000	0.0000	0.7421	
224	0.0000	0.0000	0.0000	0.7422	0.0000	0.0000	0.7421	
225	0.0000	0.0000	0.0000	0.7422	0.0000	0.0000	0.7421	
226	0.0000	0.0000	0.0000	0.7422	0.0000	0.0000	0.7421	
227	0.0000	0.0000	0.0000	0.7422	0.0000	0.0000	0.7422	
228	0.0000	0.0000	0.0000	0.7422	0.0000	0.0000	0.7422	
229	0.0000	0.0000	0.0000	0.7422	0.0000	0.0000	0.7422	
230	0.0000	0.0000	0.0000	0.7422	0.0000	0.0000	0.7422	
231	0.0000	0.0000	0.0000	0.7422	0.0000	0.0000	0.7422	
232	0.0000	0.0000	0.0000	0.7422	0.0000	0.0000	0.7422	
233	0.0000	0.0000	0.0000	0.7422	0.0000	0.0000	0.7422	
234	0.0000	0.0000	0.0000	0.7422	0.0000	0.0000	0.7422	
235	0.0000	0.0000	0.0000	0.7422	0.0000	0.0000	0.7422	
236	0.0000	0.0000	0.0000	0.7422	0.0000	0.0000	0.7422	
237	0.0000	0.0000	0.0000	0.7422	0.0000	0.0000	0.7422	
238	0.0000	0.0000	0.0000	0.7422	0.0000	0.0000	0.7422	
239	0.0000	0.0000	0.0000	0.7422	0.0000	0.0000	0.7422	
240	0.0000	0.0000	0.0000	0.7422	0.0000	0.0000	0.7422	
241	0.0000	0.0000	0.0000	0.7422	0.0000	0.0000	0.7422	
242	0.0000	0.0000	0.0000	0.7422	0.0000	0.0000	0.7422	
243	0.0000	0.0000	0.0000	0.7422	0.0000	0.0000	0.7422	
244	0.0000	0.0000	0.0000	0.7422	0.0000	0.0000	0.7422	
245	0.0000	0.0000	0.0000	0.7422	0.0000	0.0000	0.7422	
246	0.0000	0.0000	0.0000	0.7422	0.0000	0.0000	0.7422	
247	0.0000	0.0000	0.0000	0.7422	0.0000	0.0000	0.7422	
248	0.0000	0.0000	0.0000	0.7422	0.0000	0.0000	0.7422	
249	0.0000	0.0000	0.0000	0.7422	0.0000	0.0000	0.7422	
250	0.0000	0.0000	0.0000	0.7422	0.0000	0.0000	0.7422	
251	0.0000	0.0000	0.0000	0.7422	0.0000	0.0000	0.7422	
252	0.0000	0.0000	0.0000	0.7422	0.0000	0.0000	0.7422	
253	0.0000	0.0000	0.0000	0.7422	0.0000	0.0000	0.7422	
254	0.0000	0.0000	0.0000	0.7422	0.0000	0.0000	0.7422	
255	0.0000	0.0000	0.0000	0.7422	0.0000	0.0000	0.7422	
256	0.0000	0.0000	0.0000	0.7422	0.0000	0.0000	0.7422	
257	0.0000	0.0000	0.0000	0.7422	0.0000	0.0000	0.7422	
258	0.0000	0.0000	0.0000	0.7422	0.0000	0.0000	0.7422	
259	0.0000	0.0000	0.0000	0.7422	0.0000	0.0000	0.7422	
260	0.0000	0.0000	0.0000	0.7422	0.0000	0.0000	0.7422	
261	0.0000	0.0000	0.0000	0.7422	0.0000	0.0000	0.7422	
262	0.0000	0.0000	0.0000	0.7422	0.0000	0.0000	0.7422	
263	0.0000	0.0000	0.0000	0.7422	0.0000	0.0000	0.7422	
264	0.0000	0.0000	0.0000	0.7422	0.0000	0.0000	0.7422	
265	0.0000	0.0000	0.0000	0.7422	0.0000	0.0000	0.7422	
266	0.0000	0.0000	0.0000	0.7422	0.0000	0.0000	0.7422	
267	0.0000	0.0000	0.0000	0.7422	0.0000	0.0000	0.7422	
268	0.0000	0.0000	0.0000	0.7422	0.0000	0.0000	0.7422	
269	0.0000	0.0000	0.0000	0.7422	0.0000	0.0000	0.7422	
270	0.0000	0.0000	0.0000	0.7422	0.0000	0.0000	0.7422	
271	0.0000	0.0000	0.0000	0.7422	0.0000	0.0000	0.7422	
272	0.0000	0.0000	0.0000	0.7422	0.0000	0.0000	0.7422	
273	0.0000	0.0000	0.0000	0.7422	0.0000	0.0000	0.7422	
274	0.0000	0.0000	0.0000	0.7422	0.0000	0.0000	0.7422	
275	0.0000	0.0000	0.0000	0.7422	0.0000	0.0000	0.7422	
276	0.0000	0.0000	0.0000	0.7422	0.0000	0.0000	0.7422	
277	0.0000	0.0000	0.0000	0.7422	0.0000	0.0000	0.7422	
278	0.0000	0.0000	0.0000	0.7422	0.0000	0.0000	0.7422	
279	0.0000	0.0000	0.0000	0.7422	0.0000	0.0000	0.7422	
280	0.0000	0.0000	0.0000	0.7422	0.0000	0.0000	0.7422	
281	0.0000	0.0000	0.0000	0.7422	0.0000	0.0000	0.7422	
282	0.0000	0.0000	0.0000	0.7422	0.0000	0.0000	0.7422	
283	0.0000	0.0000	0.0000	0.7422	0.0000	0.0000	0.7422	
284	0.0000	0.0000	0.0000	0.7422	0.0000	0.0000	0.7422	
285	0.0000	0.0000	0.0000	0.7422	0.0000	0.0000	0.7422	
286	0.0000	0.0000	0.0000	0.7422	0.0000	0.0000	0.7422	
287	0.0000	0.0000	0.0000	0.7422	0.0000	0.0000	0.7422	
288	0.0000	0.0000	0.0000	0.7422	0.0000	0.0000	0.7422	
289	0.0000	0.0000	0.0000	0.7422	0.0000	0.0000	0.7422	
290	0.0000	0.0000	0.0000	0.7422	0.0000	0.0000	0.7422	
291	0.0000	0.0000	0.0000	0.7422	0.0000	0.0000	0.7422	
292	0.0000	0.0000	0.0000	0.7422	0.0000	0.0000	0.7422	
293	0.0000	0.0000	0.0000	0.7422	0.0000	0.0000	0.7422	
294	0.0000	0.0000	0.0000	0.7422	0.0000	0.0000	0.7422	
295	0.0000	0.0000	0.0000	0.7422	0.0000	0.0000	0.7422	
296	0.0000	0.0000	0.0000	0.7422	0.0000	0.0000	0.7422	
297	0.0000	0.0000	0.0000	0.7422	0.0000	0.0000	0.7422	
298	0.0000	0.0000	0.0000	0.7422	0.0000	0.0000	0.7422	
299	0.0000	0.0000	0.0000	0.7422	0.0000	0.0000	0.7422	
300	0.0000	0.0000	0.0000	0.7422	0.0000	0.0000	0.7422	
301	0.0000	0.0000	0.0000	0.7422	0.0000	0.0000	0.7422	
302	1.0000	0.0000	0.0000	0.7422	0.0000	0.0000	0.7422	
303	1.0000	0.0000	0.0000	0.7422	0.0000	0.0000	0.7422	
304	1.0000	0.0000	0.0000	0.7422	0.0000	0.0000	0.7422	
305	1.0000	0.0000	0.0000	0.7422	0.0000	0.0000	0.7422	
306	1.0000	0.0000	0.0000	0.7422	0.0000	0.0000	0.7422	
307	1.0000	0.0000	0.0000	0.7422	0.0000	0.0000	0.7422	
308	0.0000	0.0000	0.0000	0.7422	0.0000	0.0000	0.7422	
309	0.0000	0.0000	0.0000	0.7422	0.0000	0.0000	0.7422	
310	0.0000	0.0000	0.0000	0.7422	0.0000	0.0000	0.7422	
311	0.0000	0.0000	0.0000	0.7422	0.0000	0.0000	0.7422	
312	0.0000	0.0000	0.0000	0.7422	0.0000	0.0000	0.7422	
313	0.0000	0.0000	0.0000	0.7422	0.0000	0.0000	0.7422	
314	0.0000	0.0000	0.0000	0.7422	0.0000	0.0000	0.7422	
315	0.0000	0.0000	0.0000	0.7422	0.0000	0.0000	0.7422	
316	0.0000	0.0000	0.0000	0.7422	0.0000	0.0000	0.7422	
317	0.0000	0.0000	0.0000	0.7422	0.0000	0.0000	0.7422	
318	0.0000	0.0000	0.0000	0.7422	0.0000	0.0000	0.7422	
319	0.0000	0.0000	0.0000	0.7420	0.0000	0.0000	0.7419	
320	0.0000	0.0000	0.0000	0.7417	0.0000	0.0000	0.7414	
321	0.0000	0.0000	0.0000	0.7411	0.0000	0.0000	0.7405	
322	0.0000	0.0000	0.0000	0.7401	0.0000	0.0000	0.7390	
323	0.0000	0.0000	0.0000	0.7386	0.0000	0.0000	0.7368	
324	0.0000	0.0000	0.0000	0.7367	0.0000	0.0000	0.7339	
325	0.0000	0.0000	0.0000	0.7343	0.0000	0.0000	0.7303	
326	0.0000	0.0000	0.0000	0.7314	0.0000	0.0000	0.7260	
327	0.0000	0.0000	0.0000	0.7281	0.0000	0.0000	0.7210	
328	0.0000	0.0000	0.0000	0.7244	0.0000	0.0000	0.7155	
329	0.0000	0.0000	0.0000	0.7204	0.0000	0.0000	0.7096	
330	0.0000	0.0000	0.0000	0.7162	0.0000	0.0000	0.7033	
331	0.0000	0.0000	0.0000	0.7119	0.0000	0.0000	0.6968	
332	0.0000	0.0000	0.0000	0.7074	0.0000	0.0000	0.6901	
333	0.0000	0.0000	0.0000	0.7029	0.0000	0.0000	0.6834	
334	0.0000	0.0000	0.0000	0.6984	0.0000	0.0000	0.6766	
335	0.0000	0.0000	0.0000	0.6939	0.0000	0.0000	0.6700	
336	0.0000	0.0000	0.0000	0.6896	0.0000	0.0000	0.6636	
337	0.0000	0.0000	0.0000	0.6854	0.0000	0.0000	0.6573	
338	0.0000	0.0000	0.0000	0.6814	0.0000	0.0000	0.6514	
339	0.0000	0.0000	0.0000	0.6776	0.0000	0.0000	0.6458	
340	0.0000	0.0000	0.0000	0.6740	0.0000	0.0000	0.6405	
341	0.0000	0.0000	0.0000	0.6707	0.0000	0.0000	0.6356	
342	0.0000	0.0000	0.0000	0.6677	0.0000	0.0000	0.6311	
343	0.0000	0.0000	0.0000	0.6649	0.0000	0.0000	0.6270	
344	0.0000	0.0000	0.0000	0.6624	0.0000	0.0000	0.6233	
345	0.0000	0.0000	0.0000	0.6602	0.0000	0.0000	0.6200	
346	0.0000	0.0000	0.0000	0.6583	0.0000	0.0000	0.6172	
347	0.0000	0.0000	0.0000	0.6567	0.0000	0.0000	0.6148	
348	0.0000	0.0000	0.0000	0.6553	0.0000	0.0000	0.6127	
349	0.0000	0.0000	0.0000	0.6542	0.0000	0.0000	0.6111	
350	0.0000	0.0000	0.0000	0.6534	0.0000	0.0000	0.6099	
351	0.0000	0.0000	0.0000	0.6528	0.0000	0.0000	0.6090	
352	0.0000	0.0000	0.0000	0.6525	0.0000	0.0000	0.6085	
353	0.0000	0.0000	0.0000	0.6524	0.0000	0.0000	0.6083	
354	0.0000	0.0000	0.0000	0.6525	0.0000	0.0000	0.6084	
355	0.0000	0.0000	0.0000	0.6527	0.0000	0.0000	0.6089	
356	0.0000	0.0000	0.0000	0.6532	0.0000	0.0000	0.6096	
357	0.0000	0.0000	0.0000	0.6539	0.0000	0.0000	0.6105	
358	0.0000	0.0000	0.0000	0.6547	0.0000	0.0000	0.6117	
359	0.0000	0.0000	0.0000	0.6557	0.0000	0.0000	0.6131	
360	0.0000	0.0000	0.0000	0.6567	0.0000	0.0000	0.6147	
361	0.0000	0.0000	0.0000	0.6580	0.0000	0.0000	0.6165	
362	0.0000	0.0000	0.0000	0.6593	0.0000	0.0000	0.6185	
363	0.0000	0.0000	0.0000	0.6607	0.0000	0.0000	0.6206	
364	0.0000	0.0000	0.0000	0.6622	0.0000	0.0000	0.6228	
365	0.0000	0.0000	0.0000	0.6638	0.0000	0.0000	0.6251	
366	0.0000	0.0000	0.0000	0.6654	0.0000	0.0000	0.6276	
367	0.0000	0.0000	0.0000	0.6671	0.0000	0.0000	0.6301	
368	0.0000	0.0000	0.0000	0.6689	0.0000	0.0000	0.6327	
369	0.0000	0.0000	0.0000	0.6707	0.0000	0.0000	0.6353	
370	0.0000	0.0000	0.0000	0.6725	0.0000	0.0000	0.6380	
371	0.0000	0.0000	0.0000	0.6743	0.0000	0.0000	0.6408	
372	0.0000	0.0000	0.0000	0.6762	0.0000	0.0000	0.6435	
373	0.0000	0.0000	0.0000	0.6780	0.0000	0.0000	0.6463	
374	0.0000	0.0000	0.0000	0.6799	0.0000	0.0000	0.6490	
375	0.0000	0.0000	0.0000	0.6817	0.0000	0.0000	0.6518	
376	0.0000	0.0000	0.0000	0.6836	0.0000	0.0000	0.6545	
377	0.0000	0.0000	0.0000	0.6854	0.0000	0.0000	0.6573	
378	0.0000	0.0000	0.0000	0.6872	0.0000	0.0000	0.6600	
379	0.0000	0.0000	0.0000	0.6890	0.0000	0.0000	0.6627	
380	0.0000	0.0000	0.0000	0.6908	0.0000	0.0000	0.6653	
381	0.0000	0.0000	0.0000	0.6925	0.0000	0.0000	0.6679	
382	0.0000	0.0000	0.0000	0.6943	0.0000	0.0000	0.6705	
383	0.0000	0.0000	0.0000	0.6959	0.0000	0.0000	0.6730	
384	0.0000	0.0000	0.0000	0.6976	0.0000	0.0000	0.6754	
385	0.0000	0.0000	0.0000	0.6992	0.0000	0.0000	0.6778	
386	0.0000	0.0000	0.0000	0.7008	0.0000	0.0000	0.6802	
387	0.0000	0.0000	0.0000	0.7023	0.0000	0.0000	0.6825	
388	0.0000	0.0000	0.0000	0.7038	0.0000	0.0000	0.6848	
389	0.0000	0.0000	0.0000	0.7053	0.0000	0.0000	0.6869	
390	0.0000	0.0000	0.0000	0.7067	0.0000	0.0000	0.6891	
391	0.0000	0.0000	0.0000	0.7081	0.0000	0.0000	0.6911	
392	0.0000	0.0000	0.0000	0.7095	0.0000	0.0000	0.6931	
393	0.0000	0.0000	0.0000	0.7108	0.0000	0.0000	0.6951	
394	0.0000	0.0000	0.0000	0.7120	0.0000	0.0000	0.6970	
395	0.0000	0.0000	0.0000	0.7132	0.0000	0.0000	0.6988	
396	0.0000	0.0000	0.0000	0.7144	0.0000	0.0000	0.7006	
397	0.0000	0.0000	0.0000	0.7156	0.0000	0.0000	0.7023	
398	0.0000	0.0000	0.0000	0.7167	0.0000	0.0000	0.7040	
399	0.0000	0.0000	0.0000	0.7178	0.0000	0.0000	0.7056	
400	0.0000	0.0000	0.0000	0.7188	0.0000	0.0000	0.7071	
401	0.0000	0.0000	0.0000	0.7198	0.0000	0.0000	0.7086	
402	0.0000	0.0000	0.0000	0.7207	0.0000	0.0000	0.7100	
403	0.0000	0.0000	0.0000	0.7217	0.0000	0.0000	0.7114	
404	0.0000	0.0000	0.0000	0.7226	0.0000	0.0000	0.7127	
405	0.0000	0.0000	0.0000	0.7234	0.0000	0.0000	0.7140	
406	0.0000	0.0000	0.0000	0.7242	0.0000	0.0000	0.7153	
407	0.0000	0.0000	0.0000	0.7250	0.0000	0.0000	0.7164	
408	0.0000	0.0000	0.0000	0.7258	0.0000	0.0000	0.7176	
409	0.0000	0.0000	0.0000	0.7265	0.0000	0.0000	0.7187	
410	0.0000	0.0000	0.0000	0.7272	0.0000	0.0000	0.7197	
411	0.0000	0.0000	0.0000	0.7279	0.0000	0.0000	0.7207	
412	0.0000	0.0000	0.0000	0.7285	0.0000	0.0000	0.7217	
413	0.0000	0.0000	0.0000	0.7291	0.0000	0.0000	0.7226	
414	0.0000	0.0000	0.0000	0.7297	0.0000	0.0000	0.7235	
415	0.0000	0.0000	0.0000	0.7303	0.0000	0.0000	0.7244	
416	0.0000	0.0000	0.0000	0.7309	0.0000	0.0000	0.7252	
417	0.0000	0.0000	0.0000	0.7314	0.0000	0.0000	0.7260	
418	0.0000	0.0000	0.0000	0.7319	0.0000	0.0000	0.7267	
419	0.0000	0.0000	0.0000	0.7323	0.0000	0.0000	0.7274	
420	0.0000	0.0000	0.0000	0.7328	0.0000	0.0000	0.7281	
421	0.0000	0.0000	0.0000	0.7332	0.0000	0.0000	0.7288	
422	0.0000	0.0000	0.0000	0.7337	0.0000	0.0000	0.7294	
423	0.0000	0.0000	0.0000	0.7341	0.0000	0.0000	0.7300	
424	0.0000	0.0000	0.0000	0.7344	0.0000	0.0000	0.7306	
425	0.0000	0.0000	0.0000	0.7348	0.0000	0.0000	0.7311	
426	0.0000	0.0000	0.0000	0.7352	0.0000	0.0000	0.7316	
427	0.0000	0.0000	0.0000	0.7355	0.0000	0.0000	0.7321	
428	0.0000	0.0000	0.0000	0.7358	0.0000	0.0000	0.7326	
429	0.0000	0.0000	0.0000	0.7361	0.0000	0.0000	0.7331	
430	0.0000	0.0000	0.0000	0.7364	0.0000	0.0000	0.7335	
431	0.0000	0.0000	0.0000	0.7367	0.0000	0.0000	0.7339	
432	0.0000	0.0000	0.0000	0.7369	0.0000	0.0000	0.7343	
433	0.0000	0.0000	0.0000	0.7372	0.0000	0.0000	0.7347	
434	0.0000	0.0000	0.0000	0.7374	0.0000	0.0000	0.7350	
435	0.0000	0.0000	0.0000	0.7377	0.0000	0.0000	0.7354	
436	0.0000	0.0000	0.0000	0.7379	0.0000	0.0000	0.7357	
437	0.0000	0.0000	0.0000	0.7381	0.0000	0.0000	0.7360	
438	0.0000	0.0000	0.0000	0.7383	0.0000	0.0000	0.7363	
439	0.0000	0.0000	0.0000	0.7385	0.0000	0.0000	0.7366	
440	0.0000	0.0000	0.0000	0.7387	0.0000	0.0000	0.7369	
441	0.0000	0.0000	0.0000	0.7388	0.0000	0.0000	0.7371	
442	0.0000	0.0000	0.0000	0.7390	0.0000	0.0000	0.7374	
443	0.0000	0.0000	0.0000	0.7391	0.0000	0.0000	0.7376	
444	0.0000	0.0000	0.0000	0.7393	0.0000	0.0000	0.7378	
445	0.0000	0.0000	0.0000	0.7394	0.0000	0.0000	0.7381	
446	0.0000	0.0000	0.0000	0.7396	0.0000	0.0000	0.7383	
447	0.0000	0.0000	0.0000	0.7397	0.0000	0.0000	0.7384	
448	0.0000	0.0000	0.0000	0.7398	0.0000	0.0000	0.7386	
449	0.0000	0.0000	0.0000	0.7399	0.0000	0.0000	0.7388	
450	0.0000	0.0000	0.0000	0.7401	0.0000	0.0000	0.7390	
451	0.0000	0.0000	0.0000	0.7402	0.0000	0.0000	0.7391	
452	0.0000	0.0000	0.0000	0.7403	0.0000	0.0000	0.7393	
453	0.0000	0.0000	0.0000	0.7404	0.0000	0.0000	0.7394	
454	0.0000	0.0000	0.0000	0.7404	0.0000	0.0000	0.7396	
455	0.0000	0.0000	0.0000	0.7405	0.0000	0.0000	0.7397	
456	0.0000	0.0000	0.0000	0.7406	0.0000	0.0000	0.7398	
457	0.0000	0.0000	0.0000	0.7407	0.0000	0.0000	0.7399	
458	0.0000	0.0000	0.0000	0.7408	0.0000	0.0000	0.7400	
459	0.0000	0.0000	0.0000	0.7408	0.0000	0.0000	0.7402	
460	0.0000	0.0000	0.0000	0.7409	0.0000	0.0000	0.7403	
461	0.0000	0.0000	0.0000	0.7410	0.0000	0.0000	0.7404	
462	0.0000	0.0000	0.0000	0.7410	0.0000	0.0000	0.7404	
463	0.0000	0.0000	0.0000	0.7411	0.0000	0.0000	0.7405	
464	0.0000	0.0000	0.0000	0.7411	0.0000	0.0000	0.7406	
465	0.0000	0.0000	0.0000	0.7412	0.0000	0.0000	0.7407	
466	0.0000	0.0000	0.0000	0.7412	0.0000	0.0000	0.7408	
467	0.0000	0.0000	0.0000	0.7413	0.0000	0.0000	0.7408	
468	0.0000	0.0000	0.0000	0.7413	0.0000	0.0000	0.7409	
469	0.0000	0.0000	0.0000	0.7414	0.0000	0.0000	0.7410	
470	0.0000	0.0000	0.0000	0.7414	0.0000	0.0000	0.7410	
471	0.0000	0.0000	0.0000	0.7415	0.0000	0.0000	0.7411	
472	0.0000	0.0000	0.0000	0.7415	0.0000	0.0000	0.7411	
473	0.0000	0.0000	0.0000	0.7415	0.0000	0.0000	0.7412	
474	0.0000	0.0000	0.0000	0.7416	0.0000	0.0000	0.7413	
475	0.0000	0.0000	0.0000	0.7416	0.0000	0.0000	0.7413	
476	0.0000	0.0000	0.0000	0.7416	0.0000	0.0000	0.7413	
477	0.0000	0.0000	0.0000	0.7417	0.0000	0.0000	0.7414	
478	0.0000	0.0000	0.0000	0.7417	0.0000	0.0000	0.7414	
479	0.0000	0.0000	0.0000	0.7417	0.0000	0.0000	0.7415	
480	0.0000	0.0000	0.0000	0.7417	0.0000	0.0000	0.7415	
481	0.0000	0.0000	0.0000	0.7418	0.0000	0.0000	0.7415	
482	0.0000	0.0000	0.0000	0.7418	0.0000	0.0000	0.7416	
483	0.0000	0.0000	0.0000	0.7418	0.0000	0.0000	0.7416	
484	0.0000	0.0000	0.0000	0.7418	0.0000	0.0000	0.7416	
485	0.0000	0.0000	0.0000	0.7418	0.0000	0.0000	0.7417	
486	0.0000	0.0000	0.0000	0.7419	0.0000	0.0000	0.7417	
487	0.0000	0.0000	0.0000	0.7419	0.0000	0.0000	0.7417	
488	0.0000	0.0000	0.0000	0.7419	0.0000	0.0000	0.7417	
489	0.0000	0.0000	0.0000	0.7419	0.0000	0.0000	0.7418	
490	0.0000	0.0000	0.0000	0.7419	0.0000	0.0000	0.7418	
491	0.0000	0.0000	0.0000	0.7419	0.0000	0.0000	0.7418	
492	0.0000	0.0000	0.0000	0.7420	0.0000	0.0000	0.7418	
493	0.0000	0.0000	0.0000	0.7420	0.0000	0.0000	0.7418	
494	0.0000	0.0000	0.0000	0.7420	0.0000	0.0000	0.7419	
495	0.0000	0.0000	0.0000	0.7420	0.0000	0.0000	0.7419	
496	0.0000	0.0000	0.0000	0.7420	0.0000	0.0000	0.7419	
497	0.0000	0.0000	0.0000	0.7420	0.0000	0.0000	0.7419	
498	0.0000	0.0000	0.0000	0.7420	0.0000	0.0000	0.7419	
499	0.0000	0.0000	0.0000	0.7420	0.0000	0.0000	0.7419	
500	0.0000	0.0000	0.0000	0.7420	0.0000	0.0000	0.7420	
501	0.0000	0.0000	0.0000	0.7421	0.0000	0.0000	0.7420	
502	0.0000	0.0000	0.0000	0.7421	0.0000	0.0000	0.7420	
503	0.0000	0.0000	0.0000	0.7421	0.0000	0.0000	0.7420	
504	0.0000	0.0000	0.0000	0.7421	0.0000	0.0000	0.7420	
505	0.0000	0.0000	0.0000	0.7421	0.0000	0.0000	0.7420	
506	0.0000	0.0000	0.0000	0.7421	0.0000	0.0000	0.7420	
507	0.0000	0.0000	0.0000	0.7421	0.0000	0.0000	0.7420	
508	0.0000	0.0000	0.0000	0.7421	0.0000	0.0000	0.7420	
509	0.0000	0.0000	0.0000	0.7421	0.0000	0.0000	0.7421	
510	0.0000	0.0000	0.0000	0.7421	0.0000	0.0000	0.7421	
511	0.0000	0.0000	0.0000	0.7421	0.0000	0.0000	0.7421	
512	0.0000	0.0000	0.0000	0.7421	0.0000	0.0000	0.7421	
513	0.0000	0.0000	0.0000	0.7421	0.0000	0.0000	0.7421	
514	0.0000	0.0000	0.0000	0.7421	0.0000	0.0000	0.7421	
515	0.0000	0.0000	0.0000	0.7421	0.0000	0.0000	0.7421	
516	0.0000	0.0000	0.0000	0.7421	0.0000	0.0000	0.7421	
517	0.0000	0.0000	0.0000	0.7421	0.0000	0.0000	0.7421	
518	0.0000	0.0000	0.0000	0.7421	0.0000	0.0000	0.7421	
519	0.0000	0.0000	0.0000	0.7422	0.0000	0.0000	0.7421	
520	0.0000	0.0000	0.0000	0.7422	0.0000	0.0000	0.7421	
521	0.0000	0.0000	0.0000	0.7422	0.0000	0.0000	0.7421	
522	0.0000	0.0000	0.0000	0.7422	0.0000	0.0000	0.7421	
523	0.0000	0.0000	0.0000	0.7422	0.0000	0.0000	0.7421	
524	0.0000	0.0000	0.0000	0.7422	0.0000	0.0000	0.7421	
525	0.0000	0.0000	0.0000	0.7422	0.0000	0.0000	0.7421	
526	0.0000	0.0000	0.0000	0.7422	0.0000	0.0000	0.7421	
527	0.0000	0.0000	0.0000	0.7422	0.0000	0.0000	0.7422	
528	0.0000	0.0000	0.0000	0.7422	0.0000	0.0000	0.7422	
529	0.0000	0.0000	0.0000	0.7422	0.0000	0.0000	0.7422	
530	0.0000	0.0000	0.0000	0.7422	0.0000	0.0000	0.7422	
531	0.0000	0.0000	0.0000	0.7422	0.0000	0.0000	0.7422	
532	0.0000	0.0000	0.0000	0.7422	0.0000	0.0000	0.7422	
533	0.0000	0.0000	0.0000	0.7422	0.0000	0.0000	0.7422	
534	0.0000	0.0000	0.0000	0.7422	0.0000	0.0000	0.7422	
535	0.0000	0.0000	0.0000	0.7422	0.0000	0.0000	0.7422	
536	0.0000	0.0000	0.0000	0.7422	0.0000	0.0000	0.7422	
537	0.0000	0.0000	0.0000	0.7422	0.0000	0.0000	0.7422	
538	0.0000	0.0000	0.0000	0.7422	0.0000	0.0000	0.7422	
539	0.0000	0.0000	0.0000	0.7422	0.0000	0.0000	0.7422	
540	0.0000	0.0000	0.0000	0.7422	0.0000	0.0000	0.7422	
541	0.0000	0.0000	0.0000	0.7422	0.0000	0.0000	0.7422	
542	0.0000	0.0000	0.0000	0.7422	0.0000	0.0000	0.7422	
543	0.0000	0.0000	0.0000	0.7422	0.0000	0.0000	0.7422	
544	0.0000	0.0000	0.0000	0.7422	0.0000	0.0000	0.7422	
545	0.0000	0.0000	0.0000	0.7422	0.0000	0.0000	0.7422	
546	0.0000	0.0000	0.0000	0.7422	0.0000	0.0000	0.7422	
547	0.0000	0.0000	0.0000	0.7422	0.0000	0.0000	0.7422	
548	0.0000	0.0000	0.0000	0.7422	0.0000	0.0000	0.7422	
549	0.0000	0.0000	0.0000	0.7422	0.0000	0.0000	0.7422	
550	0.0000	0.0000	0.0000	0.7422	0.0000	0.0000	0.7422	
551	0.0000	0.0000	0.0000	0.7422	0.0000	0.0000	0.7422	
552	0.0000	0.0000	0.0000	0.7422	0.0000	0.0000	0.7422	
553	0.0000	0.0000	0.0000	0.7422	0.0000	0.0000	0.7422	
554	0.0000	0.0000	0.0000	0.7422	0.0000	0.0000	0.7422	
555	0.0000	0.0000	0.0000	0.7422	0.0000	0.0000	0.7422	
556	0.0000	0.0000	0.0000	0.7422	0.0000	0.0000	0.7422	
557	0.0000	0.0000	0.0000	0.7422	0.0000	0.0000	0.7422	
558	0.0000	0.0000	0.0000	0.7422	0.0000	0.0000	0.7422	
559	0.0000	0.0000	0.0000	0.7422	0.0000	0.0000	0.7422	
560	0.0000	0.0000	0.0000	0.7422	0.0000	0.0000	0.7422	
561	0.0000	0.0000	0.0000	0.7422	0.0000	0.0000	0.7422	
562	0.0000	0.0000	0.0000	0.7422	0.0000	0.0000	0.7422	
563	0.0000	0.0000	0.0000	0.7422	0.0000	0.0000	0.7422	
564	0.0000	0.0000	0.0000	0.7422	0.0000	0.0000	0.7422	
565	0.0000	0.0000	0.0000	0.7422	0.0000	0.0000	0.7422	
566	0.0000	0.0000	0.0000	0.7422	0.0000	0.0000	0.7422	
567	0.0000	0.0000	0.0000	0.7422	0.0000	0.0000	0.7422	
568	0.0000	0.0000	0.0000	0.7422	0.0000	0.0000	0.7422	
569	0.0000	0.0000	0.0000	0.7422	0.0000	0.0000	0.7422	
570	0.0000	0.0000	0.0000	0.7422	0.0000	0.0000	0.7422	
571	0.0000	0.0000	0.0000	0.7422	0.0000	0.0000	0.7422	
572	0.0000	0.0000	0.0000	0.7422	0.0000	0.0000	0.7422	
573	0.0000	0.0000	0.0000	0.7422	0.0000	0.0000	0.7422	
574	0.0000	0.0000	0.0000	0.7422	0.0000	0.0000	0.7422	
575	0.0000	0.0000	0.0000	0.7422	0.0000	0.0000	0.7422	
576	0.0000	0.0000	0.0000	0.7422	0.0000	0.0000	0.7422	
577	0.0000	0.0000	0.0000	0.7422	0.0000	0.0000	0.7422	
578	0.0000	0.0000	0.0000	0.7422	0.0000	0.0000	0.7422	
579	0.0000	0.0000	0.0000	0.7422	0.0000	0.0000	0.7422	
580	0.0000	0.0000	0.0000	0.7422	0.0000	0.0000	0.7422	
581	0.0000	0.0000	0.0000	0.7422	0.0000	0.0000	0.7422	
582	0.0000	0.0000	0.0000	0.7422	0.0000	0.0000	0.7422	
583	0.0000	0.0000	0.0000	0.7422	0.0000	0.0000	0.7422	
584	0.0000	0.0000	0.0000	0.7422	0.0000	0.0000	0.7422	
585	0.0000	0.0000	0.0000	0.7422	0.0000	0.0000	0.7422	
586	0.0000	0.0000	0.0000	0.7422	0.0000	0.0000	0.7422	
587	0.0000	0.0000	0.0000	0.7422	0.0000	0.0000	0.7422	
588	0.0000	0.0000	0.0000	0.7422	0.0000	0.0000	0.7422	
589	0.0000	0.0000	0.0000	0.7422	0.0000	0.0000	0.7422	
590	0.0000	0.0000	0.0000	0.7422	0.0000	0.0000	0.7422	
591	0.0000	0.0000	0.0000	0.7422	0.0000	0.0000	0.7422	
592	0.0000	0.0000	0.0000	0.7422	0.0000	0.0000	0.7422	
593	0.0000	0.0000	0.0000	0.7422	0.0000	0.0000	0.7422	
594	0.0000	0.0000	0.0000	0.7422	0.0000	0.0000	0.7422	
595	0.0000	0.0000	0.0000	0.7422	0.0000	0.0000	0.7422	
596	0.0000	0.0000	0.0000	0.7422	0.0000	0.0000	0.7422	
597	0.0000	0.0000	0.0000	0.7422	0.0000	0.0000	0.7422	
598	0.0000	0.0000	0.0000	0.7422	0.0000	0.0000	0.7422	
599	0.0000	0.0000	0.0000	0.7422	0.0000	0.0000	0.7422	
600	0.0000	0.0000	0.0000	0.7422	0.0000	0.0000	0.7422	
601	0.0000	0.0000	0.0000	0.7422	0.0000	0.0000	0.7422	
602	1.0000	0.0000	0.0000	0.7422	0.0000	0.0000	0.7422	
603	1.0000	0.0000	0.0000	0.7422	0.0000	0.0000	0.7422	
604	1.0000	0.0000	0.0000	0.7422	0.0000	0.0000	0.7422	
605	1.0000	0.0000	0.0000	0.7422	0.0000	0.0000	0.7422	
606	1.0000	0.0000	0.0000	0.7422	0.0000	0.0000	0.7422	
607	1.0000	0.0000	0.0000	0.7422	0.0000	0.0000	0.7422	
608	0.0000	0.0000	0.0000	0.7422	0.0000	0.0000	0.7422	
609	0.0000	0.0000	0.0000	0.7422	0.0000	0.0000	0.7422	
610	0.0000	0.0000	0.0000	0.7422	0.0000	0.0000	0.7422	
611	0.0000	0.0000	0.0000	0.7422	0.0000	0.0000	0.7422	
612	0.0000	0.0000	0.0000	0.7422	0.0000	0.0000	0.7422	
613	0.0000	0.0000	0.0000	0.7422	0.0000	0.0000	0.7422	
614	0.0000	0.0000	0.0000	0.7422	0.0000	0.0000	0.7422	
615	0.0000	0.0000	0.0000	0.7422	0.0000	0.0000	0.7422	
616	0.0000	0.0000	0.0000	0.7422	0.0000	0.0000	0.7422	
617	0.0000	0.0000	0.0000	0.7422	0.0000	0.0000	0.7422	
618	0.0000	0.0000	0.0000	0.7422	0.0000	0.0000	0.7422	
619	0.0000	0.0000	0.0000	0.7420	0.0000	0.0000	0.7419	
620	0.0000	0.0000	0.0000	0.7417	0.0000	0.0000	0.7414	
621	0.0000	0.0000	0.0000	0.7411	0.0000	0.0000	0.7405	
622	0.0000	0.0000	0.0000	0.7401	0.0000	0.0000	0.7390	
623	0.0000	0.0000	0.0000	0.7386	0.0000	0.0000	0.7368	
624	0.0000	0.0000	0.0000	0.7367	0.0000	0.0000	0.7339	
625	0.0000	0.0000	0.0000	0.7343	0.0000	0.0000	0.7303	
626	0.0000	0.0000	0.0000	0.7314	0.0000	0.0000	0.7260	
627	0.0000	0.0000	0.0000	0.7281	0.0000	0.0000	0.7210	
628	0.0000	0.0000	0.0000	0.7244	0.0000	0.0000	0.7155	
629	0.0000	0.0000	0.0000	0.7204	0.0000	0.0000	0.7096	
630	0.0000	0.0000	0.0000	0.7162	0.0000	0.0000	0.7033	
631	0.0000	0.0000	0.0000	0.7119	0.0000	0.0000	0.6968	
632	0.0000	0.0000	0.0000	0.7074	0.0000	0.0000	0.6901	
633	0.0000	0.0000	0.0000	0.7029	0.0000	0.0000	0.6834	
634	0.0000	0.0000	0.0000	0.6984	0.0000	0.0000	0.6766	
635	0.0000	0.0000	0.0000	0.6939	0.0000	0.0000	0.6700	
636	0.0000	0.0000	0.0000	0.6896	0.0000	0.0000	0.6636	
637	0.0000	0.0000	0.0000	0.6854	0.0000	0.0000	0.6573	
638	0.0000	0.0000	0.0000	0.6814	0.0000	0.0000	0.6514	
639	0.0000	0.0000	0.0000	0.6776	0.0000	0.0000	0.6458	
640	0.0000	0.0000	0.0000	0.6740	0.0000	0.0000	0.6405	
641	0.0000	0.0000	0.0000	0.6707	0.0000	0.0000	0.6356	
642	0.0000	0.0000	0.0000	0.6677	0.0000	0.0000	0.6311	
643	0.0000	0.0000	0.0000	0.6649	0.0000	0.0000	0.6270	
644	0.0000	0.0000	0.0000	0.6624	0.0000	0.0000	0.6233	
645	0.0000	0.0000	0.0000	0.6602	0.0000	0.0000	0.6200	
646	0.0000	0.0000	0.0000	0.6583	0.0000	0.0000	0.6172	
647	0.0000	0.0000	0.0000	0.6567	0.0000	0.0000	0.6148	
648	0.0000	0.0000	0.0000	0.6553	0.0000	0.0000	0.6127	
649	0.0000	0.0000	0.0000	0.6542	0.0000	0.0000	0.6111	
650	0.0000	0.0000	0.0000	0.6534	0.0000	0.0000	0.6099	
651	0.0000	0.0000	0.0000	0.6528	0.0000	0.0000	0.6090	
652	0.0000	0.0000	0.0000	0.6525	0.0000	0.0000	0.6085	
653	0.0000	0.0000	0.0000	0.6524	0.0000	0.0000	0.6083	
654	0.0000	0.0000	0.0000	0.6525	0.0000	0.0000	0.6084	
655	0.0000	0.0000	0.0000	0.6527	0.0000	0.0000	0.6089	
656	0.0000	0.0000	0.0000	0.6532	0.0000	0.0000	0.6096	
657	0.0000	0.0000	0.0000	0.6539	0.0000	0.0000	0.6105	
658	0.0000	0.0000	0.0000	0.6547	0.0000	0.0000	0.6117	
659	0.0000	0.0000	0.0000	0.6557	0.0000	0.0000	0.6131	
660	0.0000	0.0000	0.0000	0.6567	0.0000	0.0000	0.6147	
661	0.0000	0.0000	0.0000	0.6580	0.0000	0.0000	0.6165	
662	0.0000	0.0000	0.0000	0.6593	0.0000	0.0000	0.6185	
663	0.0000	0.0000	0.0000	0.6607	0.0000	0.0000	0.6206	
664	0.0000	0.0000	0.0000	0.6622	0.0000	0.0000	0.6228	
665	0.0000	0.0000	0.0000	0.6638	0.0000	0.0000	0.6251	
666	0.0000	0.0000	0.0000	0.6654	0.0000	0.0000	0.6276	
667	0.0000	0.0000	0.0000	0.6671	0.0000	0.0000	0.6301	
668	0.0000	0.0000	0.0000	0.6689	0.0000	0.0000	0.6327	
669	0.0000	0.0000	0.0000	0.6707	0.0000	0.0000	0.6353	
670	0.0000	0.0000	0.0000	0.6725	0.0000	0.0000	0.6380	
671	0.0000	0.0000	0.0000	0.6743	0.0000	0.0000	0.6408	
672	0.0000	0.0000	0.0000	0.6762	0.0000	0.0000	0.6435	
673	0.0000	0.0000	0.0000	0.6780	0.0000	0.0000	0.6463	
674	0.0000	0.0000	0.0000	0.6799	0.0000	0.0000	0.6490	
675	0.0000	0.0000	0.0000	0.6817	0.0000	0.0000	0.6518	
676	0.0000	0.0000	0.0000	0.6836	0.0000	0.0000	0.6545	
677	0.0000	0.0000	0.0000	0.6854	0.0000	0.0000	0.6573	
678	0.0000	0.0000	0.0000	0.6872	0.0000	0.0000	0.6600	
679	0.0000	0.0000	0.0000	0.6890	0.0000	0.0000	0.6627	
680	0.0000	0.0000	0.0000	0.6908	0.0000	0.0000	0.6653	
681	0.0000	0.0000	0.0000	0.6925	0.0000	0.0000	0.6679	
682	0.0000	0.0000	0.0000	0.6943	0.0000	0.0000	0.6705	
683	0.0000	0.0000	0.0000	0.6959	0.0000	0.0000	0.6730	
684	0.0000	0.0000	0.0000	0.6976	0.0000	0.0000	0.6754	
685	0.0000	0.0000	0.0000	0.6992	0.0000	0.0000	0.6778	
686	0.0000	0.0000	0.0000	0.7008	0.0000	0.0000	0.6802	
687	0.0000	0.0000	0.0000	0.7023	0.0000	0.0000	0.6825	
688	0.0000	0.0000	0.0000	0.7038	0.0000	0.0000	0.6848	
689	0.0000	0.0000	0.0000	0.7053	0.0000	0.0000	0.6869	
690	0.0000	0.0000	0.0000	0.7067	0.0000	0.0000	0.6891	
691	0.0000	0.0000	0.0000	0.7081	0.0000	0.0000	0.6911	
692	0.0000	0.0000	0.0000	0.7095	0.0000	0.0000	0.6931	
693	0.0000	0.0000	0.0000	0.7108	0.0000	0.0000	0.6951	
694	0.0000	0.0000	0.0000	0.7120	0.0000	0.0000	0.6970	
695	0.0000	0.0000	0.0000	0.7132	0.0000	0.0000	0.6988	
696	0.0000	0.0000	0.0000	0.7144	0.0000	0.0000	0.7006	
697	0.0000	0.0000	0.0000	0.7156	0.0000	0.0000	0.7023	
698	0.0000	0.0000	0.0000	0.7167	0.0000	0.0000	0.7040	
699	0.0000	0.0000	0.0000	0.7178	0.0000	0.0000	0.7056	
700	0.0000	0.0000	0.0000	0.7188	0.0000	0.0000	0.7071	
701	0.0000	0.0000	0.0000	0.7198	0.0000	0.0000	0.7086	
702	0.0000	0.0000	0.0000	0.7207	0.0000	0.0000	0.7100	
703	0.0000	0.0000	0.0000	0.7217	0.0000	0.0000	0.7114	
704	0.0000	0.0000	0.0000	0.7226	0.0000	0.0000	0.7127	
705	0.0000	0.0000	0.0000	0.7234	0.0000	0.0000	0.7140	
706	0.0000	0.0000	0.0000	0.7242	0.0000	0.0000	0.7153	
707	0.0000	0.0000	0.0000	0.7250	0.0000	0.0000	0.7164	
708	0.0000	0.0000	0.0000	0.7258	0.0000	0.0000	0.7176	
709	0.0000	0.0000	0.0000	0.7265	0.0000	0.0000	0.7187	
710	0.0000	0.0000	0.0000	0.7272	0.0000	0.0000	0.7197	
711	0.0000	0.0000	0.0000	0.7279	0.0000	0.0000	0.7207	
712	0.0000	0.0000	0.0000	0.7285	0.0000	0.0000	0.7217	
713	0.0000	0.0000	0.0000	0.7291	0.0000	0.0000	0.7226	
714	0.0000	0.0000	0.0000	0.7297	0.0000	0.0000	0.7235	
715	0.0000	0.0000	0.0000	0.7303	0.0000	0.0000	0.7244	
716	0.0000	0.0000	0.0000	0.7309	0.0000	0.0000	0.7252	
717	0.0000	0.0000	0.0000	0.7314	0.0000	0.0000	0.7260	
718	0.0000	0.0000	0.0000	0.7319	0.0000	0.0000	0.7267	
719	0.0000	0.0000	0.0000	0.7323	0.0000	0.0000	0.7274	
720	0.0000	0.0000	0.0000	0.7328	0.0000	0.0000	0.7281	
721	0.0000	0.0000	0.0000	0.7332	0.0000	0.0000	0.7288	
722	0.0000	0.0000	0.0000	0.7337	0.0000	0.0000	0.7294	
723	0.0000	0.0000	0.0000	0.7341	0.0000	0.0000	0.7300	
724	0.0000	0.0000	0.0000	0.7344	0.0000	0.0000	0.7306	
725	0.0000	0.0000	0.0000	0.7348	0.0000	0.0000	0.7311	
726	0.0000	0.0000	0.0000	0.7352	0.0000	0.0000	0.7316	
727	0.0000	0.0000	0.0000	0.7355	0.0000	0.0000	0.7321	
728	0.0000	0.0000	0.0000	0.7358	0.0000	0.0000	0.7326	
729	0.0000	0.0000	0.0000	0.7361	0.0000	0.0000	0.7331	
730	0.0000	0.0000	0.0000	0.7364	0.0000	0.0000	0.7335	
731	0.0000	0.0000	0.0000	0.7367	0.0000	0.0000	0.7339	
732	0.0000	0.0000	0.0000	0.7369	0.0000	0.0000	0.7343	
733	0.0000	0.0000	0.0000	0.7372	0.0000	0.0000	0.7347	
734	0.0000	0.0000	0.0000	0.7374	0.0000	0.0000	0.7350	
735	0.0000	0.0000	0.0000	0.7377	0.0000	0.0000	0.7354	
736	0.0000	0.0000	0.0000	0.7379	0.0000	0.0000	0.7357	
737	0.0000	0.0000	0.0000	0.7381	0.0000	0.0000	0.7360	
738	0.0000	0.0000	0.0000	0.7383	0.0000	0.0000	0.7363	
739	0.0000	0.0000	0.0000	0.7385	0.0000	0.0000	0.7366	
740	0.0000	0.0000	0.0000	0.7387	0.0000	0.0000	0.7369	
741	0.0000	0.0000	0.0000	0.7388	0.0000	0.0000	0.7371	
742	0.0000	0.0000	0.0000	0.7390	0.0000	0.0000	0.7374	
743	0.0000	0.0000	0.0000	0.7391	0.0000	0.0000	0.7376	
744	0.0000	0.0000	0.0000	0.7393	0.0000	0.0000	0.7378	
745	0.0000	0.0000	0.0000	0.7394	0.0000	0.0000	0.7381	
746	0.0000	0.0000	0.0000	0.7396	0.0000	0.0000	0.7383	
747	0.0000	0.0000	0.0000	0.7397	0.0000	0.0000	0.7384	
748	0.0000	0.0000	0.0000	0.7398	0.0000	0.0000	0.7386	
749	0.0000	0.0000	0.0000	0.7399	0.0000	0.0000	0.7388	
750	0.0000	0.0000	0.0000	0.7401	0.0000	0.0000	0.7390	
751	0.0000	0.0000	0.0000	0.7402	0.0000	0.0000	0.7391	
752	0.0000	0.0000	0.0000	0.7403	0.0000	0.0000	0.7393	
753	0.0000	0.0000	0.0000	0.7404	0.0000	0.0000	0.7394	
754	0.0000	0.0000	0.0000	0.7404	0.0000	0.0000	0.7396	
755	0.0000	0.0000	0.0000	0.7405	0.0000	0.0000	0.7397	
756	0.0000	0.0000	0.0000	0.7406	0.0000	0.0000	0.7398	
757	0.0000	0.0000	0.0000	0.7407	0.0000	0.0000	0.7399	
758	0.0000	0.0000	0.0000	0.7408	0.0000	0.0000	0.7400	
759	0.0000	0.0000	0.0000	0.7408	0.0000	0.0000	0.7402	
760	0.0000	0.0000	0.0000	0.7409	0.0000	0.0000	0.7403	
761	0.0000	0.0000	0.0000	0.7410	0.0000	0.0000	0.7404	
762	0.0000	0.0000	0.0000	0.7410	0.0000	0.0000	0.7404	
763	0.0000	0.0000	0.0000	0.7411	0.0000	0.0000	0.7405	
764	0.0000	0.0000	0.0000	0.7411	0.0000	0.0000	0.7406	
765	0.0000	0.0000	0.0000	0.7412	0.0000	0.0000	0.7407	
766	0.0000	0.0000	0.0000	0.7412	0.0000	0.0000	0.7408	
767	0.0000	0.0000	0.0000	0.7413	0.0000	0.0000	0.7408	
768	0.0000	0.0000	0.0000	0.7413	0.0000	0.0000	0.7409	
769	0.0000	0.0000	0.0000	0.7414	0.0000	0.0000	0.7410	
770	0.0000	0.0000	0.0000	0.7414	0.0000	0.0000	0.7410	
771	0.0000	0.0000	0.0000	0.7415	0.0000	0.0000	0.7411	
772	0.0000	0.0000	0.0000	0.7415	0.0000	0.0000	0.7411	
773	0.0000	0.0000	0.0000	0.7415	0.0000	0.0000	0.7412	
774	0.0000	0.0000	0.0000	0.7416	0.0000	0.0000	0.7413	
775	0.0000	0.0000	0.0000	0.7416	0.0000	0.0000	0.7413	
776	0.0000	0.0000	0.0000	0.7416	0.0000	0.0000	0.7413	
777	0.0000	0.0000	0.0000	0.7417	0.0000	0.0000	0.7414	
778	0.0000	0.0000	0.0000	0.7417	0.0000	0.0000	0.7414	
779	0.0000	0.0000	0.0000	0.7417	0.0000	0.0000	0.7415	
780	0.0000	0.0000	0.0000	0.7417	0.0000	0.0000	0.7415	
781	0.0000	0.0000	0.0000	0.7418	0.0000	0.0000	0.7415	
782	0.0000	0.0000	0.0000	0.7418	0.0000	0.0000	0.7416	
783	0.0000	0.0000	0.0000	0.7418	0.0000	0.0000	0.7416	
784	0.0000	0.0000	0.0000	0.7418	0.0000	0.0000	0.7416	
785	0.0000	0.0000	0.0000	0.7418	0.0000	0.0000	0.7417	
786	0.0000	0.0000	0.0000	0.7419	0.0000	0.0000	0.7417	
787	0.0000	0.0000	0.0000	0.7419	0.0000	0.0000	0.7417	
788	0.0000	0.0000	0.0000	0.7419	0.0000	0.0000	0.7417	
789	0.0000	0.0000	0.0000	0.7419	0.0000	0.0000	0.7418	
790	0.0000	0.0000	0.0000	0.7419	0.0000	0.0000	0.7418	
791	0.0000	0.0000	0.0000	0.7419	0.0000	0.0000	0.7418	
792	0.0000	0.0000	0.0000	0.7420	0.0000	0.0000	0.7418	
793	0.0000	0.0000	0.0000	0.7420	0.0000	0.0000	0.7418	
794	0.0000	0.0000	0.0000	0.7420	0.0000	0.0000	0.7419	
795	0.0000	0.0000	0.0000	0.7420	0.0000	0.0000	0.7419	
796	0.0000	0.0000	0.0000	0.7420	0.0000	0.0000	0.7419	
797	0.0000	0.0000	0.0000	0.7420	0.0000	0.0000	0.7419	
798	0.0000	0.0000	0.0000	0.7420	0.0000	0.0000	0.7419	
799	0.0000	0.0000	0.0000	0.7420	0.0000	0.0000	0.7419	
800	0.0000	0.0000	0.0000	0.7420	0.0000	0.0000	0.7420	
801	0.0000	0.0000	0.0000	0.7421	0.0000	0.0000	0.7420	
802	0.0000	0.0000	0.0000	0.7421	0.0000	0.0000	0.7420	
803	0.0000	0.0000	0.0000	0.7421	0.0000	0.0000	0.7420	
804	0.0000	0.0000	0.0000	0.7421	0.0000	0.0000	0.7420	
805	0.0000	0.0000	0.0000	0.7421	0.0000	0.0000	0.7420	
806	0.0000	0.0000	0.0000	0.7421	0.0000	0.0000	0.7420	
807	0.0000	0.0000	0.0000	0.7421	0.0000	0.0000	0.7420	
808	0.0000	0.0000	0.0000	0.7421	0.0000	0.0000	0.7420	
809	0.0000	0.0000	0.0000	0.7421	0.0000	0.0000	0.7421	
810	0.0000	0.0000	0.0000	0.7421	0.0000	0.0000	0.7421	
811	0.0000	0.0000	0.0000	0.7421	0.0000	0.0000	0.7421	
812	0.0000	0.0000	0.0000	0.7421	0.0000	0.0000	0.7421	
813	0.0000	0.0000	0.0000	0.7421	0.0000	0.0000	0.7421	
814	0.0000	0.0000	0.0000	0.7421	0.0000	0.0000	0.7421	
815	0.0000	0.0000	0.0000	0.7421	0.0000	0.0000	0.7421	
816	0.0000	0.0000	0.0000	0.7421	0.0000	0.0000	0.7421	
817	0.0000	0.0000	0.0000	0.7421	0.0000	0.0000	0.7421	
818	0.0000	0.0000	0.0000	0.7421	0.0000	0.0000	0.7421	
819	0.0000	0.0000	0.0000	0.7422	0.0000	0.0000	0.7421	
820	0.0000	0.0000	0.0000	0.7422	0.0000	0.0000	0.7421	
821	0.0000	0.0000	0.0000	0.7422	0.0000	0.0000	0.7421	
822	0.0000	0.0000	0.0000	0.7422	0.0000	0.0000	0.7421	
823	0.0000	0.0000	0.0000	0.7422	0.0000	0.0000	0.7421	
824	0.0000	0.0000	0.0000	0.7422	0.0000	0.0000	0.7421	
825	0.0000	0.0000	0.0000	0.7422	0.0000	0.0000	0.7421	
826	0.0000	0.0000	0.0000	0.7422	0.0000	0.0000	0.7421	
827	0.0000	0.0000	0.0000	0.7422	0.0000	0.0000	0.7422	
828	0.0000	0.0000	0.0000	0.7422	0.0000	0.0000	0.7422	
829	0.0000	0.0000	0.0000	0.7422	0.0000	0.0000	0.7422	
830	0.0000	0.0000	0.0000	0.7422	0.0000	0.0000	0.7422	
831	0.0000	0.0000	0.0000	0.7422	0.0000	0.0000	0.7422	
832	0.0000	0.0000	0.0000	0.7422	0.0000	0.0000	0.7422	
833	0.0000	0.0000	0.0000	0.7422	0.0000	0.0000	0.7422	
834	0.0000	0.0000	0.0000	0.7422	0.0000	0.0000	0.7422	
835	0.0000	0.0000	0.0000	0.7422	0.0000	0.0000	0.7422	
836	0.0000	0.0000	0.0000	0.7422	0.0000	0.0000	0.7422	
837	0.0000	0.0000	0.0000	0.7422	0.0000	0.0000	0.7422	
838	0.0000	0.0000	0.0000	0.7422	0.0000	0.0000	0.7422	
839	0.0000	0.0000	0.0000	0.7422	0.0000	0.0000	0.7422	
840	0.0000	0.0000	0.0000	0.7422	0.0000	0.0000	0.7422	
841	0.0000	0.0000	0.0000	0.7422	0.0000	0.0000	0.7422	
842	0.0000	0.0000	0.0000	0.7422	0.0000	0.0000	0.7422	
843	0.0000	0.0000	0.0000	0.7422	0.0000	0.0000	0.7422	
844	0.0000	0.0000	0.0000	0.7422	0.0000	0.0000	0.7422	
845	0.0000	0.0000	0.0000	0.7422	0.0000	0.0000	0.7422	
846	0.0000	0.0000	0.0000	0.7422	0.0000	0.0000	0.7422	
847	0.0000	0.0000	0.0000	0.7422	0.0000	0.0000	0.7422	
848	0.0000	0.0000	0.0000	0.7422	0.0000	0.0000	0.7422	
849	0.0000	0.0000	0.0000	0.7422	0.0000	0.0000	0.7422	
850	0.0000	0.0000	0.0000	0.7422	0.0000	0.0000	0.7422	
851	0.0000	0.0000	0.0000	0.7422	0.0000	0.0000	0.7422	
852	0.0000	0.0000	0.0000	0.7422	0.0000	0.0000	0.7422	
853	0.0000	0.0000	0.0000	0.7422	0.0000	0.0000	0.7422	
854	0.0000	0.0000	0.0000	0.7422	0.0000	0.0000	0.7422	
855	0.0000	0.0000	0.0000	0.7422	0.0000	0.0000	0.7422	
856	0.0000	0.0000	0.0000	0.7422	0.0000	0.0000	0.7422	
857	0.0000	0.0000	0.0000	0.7422	0.0000	0.0000	0.7422	
858	0.0000	0.0000	0.0000	0.7422	0.0000	0.0000	0.7422	
859	0.0000	0.0000	0.0000	0.7422	0.0000	0.0000	0.7422	
860	0.0000	0.0000	0.0000	0.7422	0.0000	0.0000	0.7422	
861	0.0000	0.0000	0.0000	0.7422	0.0000	0.0000	0.7422	
862	0.0000	0.0000	0.0000	0.7422	0.0000	0.0000	0.7422	
863	0.0000	0.0000	0.0000	0.7422	0.0000	0.0000	0.7422	
864	0.0000	0.0000	0.0000	0.7422	0.0000	0.0000	0.7422	
865	0.0000	0.0000	0.0000	0.7422	0.0000	0.0000	0.7422	
866	0.0000	0.0000	0.0000	0.7422	0.0000	0.0000	0.7422	
867	0.0000	0.0000	0.0000	0.7422	0.0000	0.0000	0.7422	
868	0.0000	0.0000	0.0000	0.7422	0.0000	0.0000	0.7422	
869	0.0000	0.0000	0.0000	0.7422	0.0000	0.0000	0.7422	
870	0.0000	0.0000	0.0000	0.7422	0.0000	0.0000	0.7422	
871	0.0000	0.0000	0.0000	0.7422	0.0000	0.0000	0.7422	
872	0.0000	0.0000	0.0000	0.7422	0.0000	0.0000	0.7422	
873	0.0000	0.0000	0.0000	0.7422	0.0000	0.0000	0.7422	
874	0.0000	0.0000	0.0000	0.7422	0.0000	0.0000	0.7422	
875	0.0000	0.0000	0.0000	0.7422	0.0000	0.0000	0.7422	
876	0.0000	0.0000	0.0000	0.7422	0.0000	0.0000	0.7422	
877	0.0000	0.0000	0.0000	0.7422	0.0000	0.0000	0.7422	
878	0.0000	0.0000	0.0000	0.7422	0.0000	0.0000	0.7422	
879	0.0000	0.0000	0.0000	0.7422	0.0000	0.0000	0.7422	
880	0.0000	0.0000	0.0000	0.7422	0.0000	0.0000	0.7422	
881	0.0000	0.0000	0.0000	0.7422	0.0000	0.0000	0.7422	
882	0.0000	0.0000	0.0000	0.7422	0.0000	0.0000	0.7422	
883	0.0000	0.0000	0.0000	0.7422	0.0000	0.0000	0.7422	
884	0.0000	0.0000	0.0000	0.7422	0.0000	0.0000	0.7422	
885	0.0000	0.0000	0.0000	0.7422	0.0000	0.0000	0.7422	
886	0.0000	0.0000	0.0000	0.7422	0.0000	0.0000	0.7422	
887	0.0000	0.0000	0.0000	0.7422	0.0000	0.0000	0.7422	
888	0.0000	0.0000	0.0000	0.7422	0.0000	0.0000	0.7422	
889	0.0000	0.0000	0.0000	0.7422	0.0000	0.0000	0.7422	
890	0.0000	0.0000	0.0000	0.7422	0.0000	0.0000	0.7422	
891	0.0000	0.0000	0.0000	0.7422	0.0000	0.0000	0.7422	
892	0.0000	0.0000	0.0000	0.7422	0.0000	0.0000	0.7422	
893	0.0000	0.0000	0.0000	0.7422	0.0000	0.0000	0.7422	
894	0.0000	0.0000	0.0000	0.7422	0.0000	0.0000	0.7422	
895	0.0000	0.0000	0.0000	0.7422	0.0000	0.0000	0.7422	
896	0.0000	0.0000	0.0000	0.7422	0.0000	0.0000	0.7422	
897	0.0000	0.0000	0.0000	0.7422	0.0000	0.0000	0.7422	
898	0.0000	0.0000	0.0000	0.7422	0.0000	0.0000	0.7422	
899	0.0000	0.0000	0.0000	0.7422	0.0000	0.0000	0.7422	
900	0.0000	0.0000	0.0000	0.7422	0.0000	0.0000	0.7422	
901	0.0000	0.0000	0.0000	0.7422	0.0000	0.0000	0.7422	
902	1.0000	0.0000	0.0000	0.7422	0.0000	0.0000	0.7422	
903	1.0000	0.0000	0.0000	0.7422	0.0000	0.0000	0.7422	
904	1.0000	0.0000	0.0000	0.7422	0.0000	0.0000	0.7422	
905	1.0000	0.0000	0.0000	0.7422	0.0000	0.0000	0.7422	
906	1.0000	0.0000	0.0000	0.7422	0.0000	0.0000	0.7422	
907	1.0000	0.0000	0.0000	0.7422	0.0000	0.0000	0.7422	
908	0.0000	0.0000	0.0000	0.7422	0.0000	0.0000	0.7422	
909	0.0000	0.0000	0.0000	0.7422	0.0000	0.0000	0.7422	
910	0.0000	0.0000	0.0000	0.7422	0.0000	0.0000	0.7422	
911	0.0000	0.0000	0.0000	0.7422	0.0000	0.0000	0.7422	
912	0.0000	0.0000	0.0000	0.7422	0.0000	0.0000	0.7422	
913	0.0000	0.0000	0.0000	0.7422	0.0000	0.0000	0.7422	
914	0.0000	0.0000	0.0000	0.7422	0.0000	0.0000	0.7422	
915	0.0000	0.0000	0.0000	0.7422	0.0000	0.0000	0.7422	
916	0.0000	0.0000	0.0000	0.7422	0.0000	0.0000	0.7422	
917	0.0000	0.0000	0.0000	0.7422	0.0000	0.0000	0.7422	
918	0.0000	0.0000	0.0000	0.7422	0.0000	0.0000	0.7422	
919	0.0000	0.0000	0.0000	0.7420	0.0000	0.0000	0.7419	
920	0.0000	0.0000	0.0000	0.7417	0.0000	0.0000	0.7414	
921	0.0000	0.0000	0.0000	0.7411	0.0000	0.0000	0.7405	
922	0.0000	0.0000	0.0000	0.7401	0.0000	0.0000	0.7390	
923	0.0000	0.0000	0.0000	0.7386	0.0000	0.0000	0.7368	
924	0.0000	0.0000	0.0000	0.7367	0.0000	0.0000	0.7339	
925	0.0000	0.0000	0.0000	0.7343	0.0000	0.0000	0.7303	
926	0.0000	0.0000	0.0000	0.7314	0.0000	0.0000	0.7260	
927	0.0000	0.0000	0.0000	0.7281	0.0000	0.0000	0.7210	
928	0.0000	0.0000	0.0000	0.7244	0.0000	0.0000	0.7155	
929	0.0000	0.0000	0.0000	0.7204	0.0000	0.0000	0.7096	
930	0.0000	0.0000	0.0000	0.7162	0.0000	0.0000	0.7033	
931	0.0000	0.0000	0.0000	0.7119	0.0000	0.0000	0.6968	
932	0.0000	0.0000	0.0000	0.7074	0.0000	0.0000	0.6901	
933	0.0000	0.0000	0.0000	0.7029	0.0000	0.0000	0.6834	
934	0.0000	0.0000	0.0000	0.6984	0.0000	0.0000	0.6766	
935	0.0000	0.0000	0.0000	0.6939	0.0000	0.0000	0.6700	
936	0.0000	0.0000	0.0000	0.6896	0.0000	0.0000	0.6636	
937	0.0000	0.0000	0.0000	0.6854	0.0000	0.0000	0.6573	
938	0.0000	0.0000	0.0000	0.6814	0.0000	0.0000	0.6514	
939	0.0000	0.0000	0.0000	0.6776	0.0000	0.0000	0.6458	
940	0.0000	0.0000	0.0000	0.6740	0.0000	0.0000	0.6405	
941	0.0000	0.0000	0.0000	0.6707	0.0000	0.0000	0.6356	
942	0.0000	0.0000	0.0000	0.6677	0.0000	0.0000	0.6311	
943	0.0000	0.0000	0.0000	0.6649	0.0000	0.0000	0.6270	
944	0.0000	0.0000	0.0000	0.6624	0.0000	0.0000	0.6233	
945	0.0000	0.0000	0.0000	0.6602	0.0000	0.0000	0.6200	
946	0.0000	0.0000	0.0000	0.6583	0.0000	0.0000	0.6172	
947	0.0000	0.0000	0.0000	0.6567	0.0000	0.0000	0.6148	
948	0.0000	0.0000	0.0000	0.6553	0.0000	0.0000	0.6127	
949	0.0000	0.0000	0.0000	0.6542	0.0000	0.0000	0.6111	
950	0.0000	0.0000	0.0000	0.6534	0.0000	0.0000	0.6099	
951	0.0000	0.0000	0.0000	0.6528	0.0000	0.0000	0.6090	
952	0.0000	0.0000	0.0000	0.6525	0.0000	0.0000	0.6085	
953	0.0000	0.0000	0.0000	0.6524	0.0000	0.0000	0.6083	
954	0.0000	0.0000	0.0000	0.6525	0.0000	0.0000	0.6084	
955	0.0000	0.0000	0.0000	0.6527	0.0000	0.0000	0.6089	
956	0.0000	0.0000	0.0000	0.6532	0.0000	0.0000	0.6096	
957	0.0000	0.0000	0.0000	0.6539	0.0000	0.0000	0.6105	
958	0.0000	0.0000	0.0000	0.6547	0.0000	0.0000	0.6117	
959	0.0000	0.0000	0.0000	0.6557	0.0000	0.0000	0.6131	
960	0.0000	0.0000	0.0000	0.6567	0.0000	0.0000	0.6147	
961	0.0000	0.0000	0.0000	0.6580	0.0000	0.0000	0.6165	
962	0.0000	0.0000	0.0000	0.6593	0.0000	0.0000	0.6185	
963	0.0000	0.0000	0.0000	0.6607	0.0000	0.0000	0.6206	
964	0.0000	0.0000	0.0000	0.6622	0.0000	0.0000	0.6228	
965	0.0000	0.0000	0.0000	0.6638	0.0000	0.0000	0.6251	
966	0.0000	0.0000	0.0000	0.6654	0.0000	0.0000	0.6276	
967	0.0000	0.0000	0.0000	0.6671	0.0000	0.0000	0.6301	
968	0.0000	0.0000	0.0000	0.6689	0.0000	0.0000	0.6327	
969	0.0000	0.0000	0.0000	0.6707	0.0000	0.0000	0.6353	
970	0.0000	0.0000	0.0000	0.6725	0.0000	0.0000	0.6380	
971	0.0000	0.0000	0.0000	0.6743	0.0000	0.0000	0.6408	
972	0.0000	0.0000	0.0000	0.6762	0.0000	0.0000	0.6435	
973	0.0000	0.0000	0.0000	0.6780	0.0000	0.0000	0.6463	
974	0.0000	0.0000	0.0000	0.6799	0.0000	0.0000	0.6490	
975	0.0000	0.0000	0.0000	0.6817	0.0000	0.0000	0.6518	
976	0.0000	0.0000	0.0000	0.6836	0.0000	0.0000	0.6545	
977	0.0000	0.0000	0.0000	0.6854	0.0000	0.0000	0.6573	
978	0.0000	0.0000	0.0000	0.6872	0.0000	0.0000	0.6600	
979	0.0000	0.0000	0.0000	0.6890	0.0000	0.0000	0.6627	
980	0.0000	0.0000	0.0000	0.6908	0.0000	0.0000	0.6653	
981	0.0000	0.0000	0.0000	0.6925	0.0000	0.0000	0.6679	
982	0.0000	0.0000	0.0000	0.6943	0.0000	0.0000	0.6705	
983	0.0000	0.0000	0.0000	0.6959	0.0000	0.0000	0.6730	
984	0.0000	0.0000	0.0000	0.6976	0.0000	0.0000	0.6754	
985	0.0000	0.0000	0.0000	0.6992	0.0000	0.0000	0.6778	
986	0.0000	0.0000	0.0000	0.7008	0.0000	0.0000	0.6802	
987	0.0000	0.0000	0.0000	0.7023	0.0000	0.0000	0.6825	
988	0.0000	0.0000	0.0000	0.7038	0.0000	0.0000	0.6848	
989	0.0000	0.0000	0.0000	0.7053	0.0000	0.0000	0.6869	
990	0.0000	0.0000	0.0000	0.7067	0.0000	0.0000	0.6891	
991	0.0000	0.0000	0.0000	0.7081	0.0000	0.0000	0.6911	
992	0.0000	0.0000	0.0000	0.7095	0.0000	0.0000	0.6931	
993	0.0000	0.0000	0.0000	0.7108	0.0000	0.0000	0.6951	
994	0.0000	0.0000	0.0000	0.7120	0.0000	0.0000	0.6970	
995	0.0000	0.0000	0.0000	0.7132	0.0000	0.0000	0.6988	
996	0.0000	0.0000	0.0000	0.7144	0.0000	0.0000	0.7006	
997	0.0000	0.0000	0.0000	0.7156	0.0000	0.0000	0.7023	
998	0.0000	0.0000	0.0000	0.7167	0.0000	0.0000	0.7040	
999	0.0000	0.0000	0.0000	0.7178	0.0000	0.0000	0.7056	
1000	0.0000	0.0000	0.0000	0.7188	0.0000	0.0000	0.7071	
1001	0.0000	0.0000	0.0000	0.7198	0.0000	0.0000	0.7086	
1002	0.0000	0.0000	0.0000	0.7207	0.0000	0.0000	0.7100	
1003	0.0000	0.0000	0.0000	0.7217	0.0000	0.0000	0.7114	
1004	0.0000	0.0000	0.0000	0.7226	0.0000	0.0000	0.7127	
1005	0.0000	0.0000	0.0000	0.7234	0.0000	0.0000	0.7140	
1006	0.0000	0.0000	0.0000	0.7242	0.0000	0.0000	0.7153	
1007	0.0000	0.0000	0.0000	0.7250	0.0000	0.0000	0.7164	
1008	0.0000	0.0000	0.0000	0.7258	0.0000	0.0000	0.7176	
1009	0.0000	0.0000	0.0000	0.7265	0.0000	0.0000	0.7187	
1010	0.0000	0.0000	0.0000	0.7272	0.0000	0.0000	0.7197	
1011	0.0000	0.0000	0.0000	0.7279	0.0000	0.0000	0.7207	
1012	0.0000	0.0000	0.0000	0.7285	0.0000	0.0000	0.7217	
1013	0.0000	0.0000	0.0000	0.7291	0.0000	0.0000	0.7226	
1014	0.0000	0.0000	0.0000	0.7297	0.0000	0.0000	0.7235	
1015	0.0000	0.0000	0.0000	0.7303	0.0000	0.0000	0.7244	
1016	0.0000	0.0000	0.0000	0.7309	0.0000	0.0000	0.7252	
1017	0.0000	0.0000	0.0000	0.7314	0.0000	0.0000	0.7260	
1018	0.0000	0.0000	0.0000	0.7319	0.0000	0.0000	0.7267	
1019	0.0000	0.0000	0.0000	0.7323	0.0000	0.0000	0.7274	
1020	0.0000	0.0000	0.0000	0.7328	0.0000	0.0000	0.7281	
1021	0.0000	0.0000	0.0000	0.7332	0.0000	0.0000	0.7288	
1022	0.0000	0.0000	0.0000	0.7337	0.0000	0.0000	0.7294	
1023	0.0000	0.0000	0.0000	0.7341	0.0000	0.0000	0.7300	
1024	0.0000	0.0000	0.0000	0.7344	0.0000	0.0000	0.7306	
1025	0.0000	0.0000	0.0000	0.7348	0.0000	0.0000	0.7311	
1026	0.0000	0.0000	0.0000	0.7352	0.0000	0.0000	0.7316	
1027	0.0000	0.0000	0.0000	0.7355	0.0000	0.0000	0.7321	
1028	0.0000	0.0000	0.0000	0.7358	0.0000	0.0000	0.7326	
1029	0.0000	0.0000	0.0000	0.7361	0.0000	0.0000	0.7331	
1030	0.0000	0.0000	0.0000	0.7364	0.0000	0.0000	0.7335	
1031	0.0000	0.0000	0.0000	0.7367	0.0000	0.0000	0.7339	
1032	0.0000	0.0000	0.0000	0.7369	0.0000	0.0000	0.7343	
1033	0.0000	0.0000	0.0000	0.7372	0.0000	0.0000	0.7347	
1034	0.0000	0.0000	0.0000	0.7374	0.0000	0.0000	0.7350	
1035	0.0000	0.0000	0.0000	0.7377	0.0000	0.0000	0.7354	
1036	0.0000	0.0000	0.0000	0.7379	0.0000	0.0000	0.7357	
1037	0.0000	0.0000	0.0000	0.7381	0.0000	0.0000	0.7360	
1038	0.0000	0.0000	0.0000	0.7383	0.0000	0.0000	0.7363	
1039	0.0000	0.0000	0.0000	0.7385	0.0000	0.0000	0.7366	
1040	0.0000	0.0000	0.0000	0.7387	0.0000	0.0000	0.7369	
1041	0.0000	0.0000	0.0000	0.7388	0.0000	0.0000	0.7371	
1042	0.0000	0.0000	0.0000	0.7390	0.0000	0.0000	0.7374	
1043	0.0000	0.0000	0.0000	0.7391	0.0000	0.0000	0.7376	
1044	0.0000	0.0000	0.0000	0.7393	0.0000	0.0000	0.7378	
1045	0.0000	0.0000	0.0000	0.7394	0.0000	0.0000	0.7381	
1046	0.0000	0.0000	0.0000	0.7396	0.0000	0.0000	0.7383	
1047	0.0000	0.0000	0.0000	0.7397	0.0000	0.0000	0.7384	
1048	0.0000	0.0000	0.0000	0.7398	0.0000	0.0000	0.7386	
1049	0.0000	0.0000	0.0000	0.7399	0.0000	0.0000	0.7388	
1050	0.0000	0.0000	0.0000	0.7401	0.0000	0.0000	0.7390	
1051	0.0000	0.0000	0.0000	0.7402	0.0000	0.0000	0.7391	
1052	0.0000	0.0000	0.0000	0.7403	0.0000	0.0000	0.7393	
1053	0.0000	0.0000	0.0000	0.7404	0.0000	0.0000	0.7394	
1054	0.0000	0.0000	0.0000	0.7404	0.0000	0.0000	0.7396	
1055	0.0000	0.0000	0.0000	0.7405	0.0000	0.0000	0.7397	
1056	0.0000	0.0000	0.0000	0.7406	0.0000	0.0000	0.7398	
1057	0.0000	0.0000	0.0000	0.7407	0.0000	0.0000	0.7399	
1058	0.0000	0.0000	0.0000	0.7408	0.0000	0.0000	0.7400	
1059	0.0000	0.0000	0.0000	0.7408	0.0000	0.0000	0.7402	
1060	0.0000	0.0000	0.0000	0.7409	0.0000	0.0000	0.7403	
1061	0.0000	0.0000	0.0000	0.7410	0.0000	0.0000	0.7404	
1062	0.0000	0.0000	0.0000	0.7410	0.0000	0.0000	0.7404	
1063	0.0000	0.0000	0.0000	0.7411	0.0000	0.0000	0.7405	
1064	0.0000	0.0000	0.0000	0.7411	0.0000	0.0000	0.7406	
1065	0.0000	0.0000	0.0000	0.7412	0.0000	0.0000	0.7407	
1066	0.0000	0.0000	0.0000	0.7412	0.0000	0.0000	0.7408	
1067	0.0000	0.0000	0.0000	0.7413	0.0000	0.0000	0.7408	
1068	0.0000	0.0000	0.0000	0.7413	0.0000	0.0000	0.7409	
1069	0.0000	0.0000	0.0000	0.7414	0.0000	0.0000	0.7410	
1070	0.0000	0.0000	0.0000	0.7414	0.0000	0.0000	0.7410	
1071	0.0000	0.0000	0.0000	0.7415	0.0000	0.0000	0.7411	
1072	0.0000	0.0000	0.0000	0.7415	0.0000	0.0000	0.7411	
1073	0.0000	0.0000	0.0000	0.7415	0.0000	0.0000	0.7412	
1074	0.0000	0.0000	0.0000	0.7416	0.0000	0.0000	0.7413	
1075	0.0000	0.0000	0.0000	0.7416	0.0000	0.0000	0.7413	
1076	0.0000	0.0000	0.0000	0.7416	0.0000	0.0000	0.7413	
1077	0.0000	0.0000	0.0000	0.7417	0.0000	0.0000	0.7414	
1078	0.0000	0.0000	0.0000	0.7417	0.0000	0.0000	0.7414	
1079	0.0000	0.0000	0.0000	0.7417	0.0000	0.0000	0.7415	
1080	0.0000	0.0000	0.0000	0.7417	0.0000	0.0000	0.7415	
1081	0.0000	0.0000	0.0000	0.7418	0.0000	0.0000	0.7415	
1082	0.0000	0.0000	0.0000	0.7418	0.0000	0.0000	0.7416	
1083	0.0000	0.0000	0.0000	0.7418	0.0000	0.0000	0.7416	
1084	0.0000	0.0000	0.0000	0.7418	0.0000	0.0000	0.7416	
1085	0.0000	0.0000	0.0000	0.7418	0.0000	0.0000	0.7417	
1086	0.0000	0.0000	0.0000	0.7419	0.0000	0.0000	0.7417	
1087	0.0000	0.0000	0.0000	0.7419	0.0000	0.0000	0.7417	
1088	0.0000	0.0000	0.0000	0.7419	0.0000	0.0000	0.7417	
1089	0.0000	0.0000	0.0000	0.7419	0.0000	0.0000	0.7418	
1090	0.0000	0.0000	0.0000	0.7419	0.0000	0.0000	0.7418	
1091	0.0000	0.0000	0.0000	0.7419	0.0000	0.0000	0.7418	
1092	0.0000	0.0000	0.0000	0.7420	0.0000	0.0000	0.7418	
1093	0.0000	0.0000	0.0000	0.7420	0.0000	0.0000	0.7418	
1094	0.0000	0.0000	0.0000	0.7420	0.0000	0.0000	0.7419	
1095	0.0000	0.0000	0.0000	0.7420	0.0000	0.0000	0.7419	
1096	0.0000	0.0000	0.0000	0.7420	0.0000	0.0000	0.7419	
1097	0.0000	0.0000	0.0000	0.7420	0.0000	0.0000	0.7419	
1098	0.0000	0.0000	0.0000	0.7420	0.0000	0.0000	0.7419	
1099	0.0000	0.0000	0.0000	0.7420	0.0000	0.0000	0.7419	
1100	0.0000	0.0000	0.0000	0.7420	0.0000	0.0000	0.7420	
1101	0.0000	0.0000	0.0000	0.7421	0.0000	0.0000	0.7420	
1102	0.0000	0.0000	0.0000	0.7421	0.0000	0.0000	0.7420	
1103	0.0000	0.0000	0.0000	0.7421	0.0000	0.0000	0.7420	
1104	0.0000	0.0000	0.0000	0.7421	0.0000	0.0000	0.7420	
1105	0.0000	0.0000	0.0000	0.7421	0.0000	0.0000	0.7420	
1106	0.0000	0.0000	0.0000	0.7421	0.0000	0.0000	0.7420	
1107	0.0000	0.0000	0.0000	0.7421	0.0000	0.0000	0.7420	
1108	0.0000	0.0000	0.0000	0.7421	0.0000	0.0000	0.7420	
1109	0.0000	0.0000	0.0000	0.7421	0.0000	0.0000	0.7421	
1110	0.0000	0.0000	0.0000	0.7421	0.0000	0.0000	0.7421	
1111	0.0000	0.0000	0.0000	0.7421	0.0000	0.0000	0.7421	
1112	0.0000	0.0000	0.0000	0.7421	0.0000	0.0000	0.7421	
1113	0.0000	0.0000	0.0000	0.7421	0.0000	0.0000	0.7421	
1114	0.0000	0.0000	0.0000	0.7421	0.0000	0.0000	0.7421	
1115	0.0000	0.0000	0.0000	0.7421	0.0000	0.0000	0.7421	
1116	0.0000	0.0000	0.0000	0.7421	0.0000	0.0000	0.7421	
1117	0.0000	0.0000	0.0000	0.7421	0.0000	0.0000	0.7421	
1118	0.0000	0.0000	0.0000	0.7421	0.0000	0.0000	0.7421	
1119	0.0000	0.0000	0.0000	0.7422	0.0000	0.0000	0.7421	
1120	0.0000	0.0000	0.0000	0.7422	0.0000	0.0000	0.7421	
1121	0.0000	0.0000	0.0000	0.7422	0.0000	0.0000	0.7421	
1122	0.0000	0.0000	0.0000	0.7422	0.0000	0.0000	0.7421	
1123	0.0000	0.0000	0.0000	0.7422	0.0000	0.0000	0.7421	
1124	0.0000	0.0000	0.0000	0.7422	0.0000	0.0000	0.7421	
1125	0.0000	0.0000	0.0000	0.7422	0.0000	0.0000	0.7421	
1126	0.0000	0.0000	0.0000	0.7422	0.0000	0.0000	0.7421	
1127	0.0000	0.0000	0.0000	0.7422	0.0000	0.0000	0.7422	
1128	0.0000	0.0000	0.0000	0.7422	0.0000	0.0000	0.7422	
